epochNum	subjectID	blockNumSrc	blockNumExp	epochStartSec	
2026	01-01-0001	67	1	8218.9336	
2031	01-01-0001	94	2	8488.9336	
2036	01-01-0001	231	3	14548.9336	
2041	01-01-0001	468	4	18328.9336	
2046	01-01-0001	575	5	19398.9336	
2051	01-01-0001	628	6	19928.9336	
2056	01-01-0001	686	7	24948.9336	
2061	01-01-0001	699	8	25078.9336	
2066	01-01-0001	727	9	25358.9336	
2071	01-01-0001	744	10	25528.9336	
2076	01-01-0007	105	1	5411.5234	
2081	01-01-0007	132	2	8281.5234	
2086	01-01-0007	337	3	16020.6016	
2091	01-01-0007	398	4	16831.5234	
2096	01-01-0007	619	5	21331.5234	
2101	01-01-0007	648	6	21821.5234	
2106	01-01-0007	739	7	25201.5234	
2111	01-01-0007	771	8	25781.5234	
2116	01-01-0007	779	9	26091.5234	
2121	01-01-0007	812	10	26421.5234	
2126	01-01-0008	37	1	10758.9922	
2131	01-01-0008	79	2	12588.9922	
2136	01-01-0008	129	3	17698.9922	
2141	01-01-0008	147	4	17878.9922	
2146	01-01-0008	162	5	18028.9922	
2151	01-01-0008	191	6	18318.9922	
2156	01-01-0008	198	7	22518.9922	
2161	01-01-0008	234	8	22996.9922	
2166	01-01-0008	251	9	23166.9922	
2171	01-01-0008	275	10	23406.9922	
2176	01-01-0010	4	1	3481.8867	
2181	01-01-0010	38	2	9031.8867	
2186	01-01-0010	64	3	13421.8867	
2191	01-01-0010	79	4	17451.8867	
2196	01-01-0010	111	5	20111.8867	
2201	01-01-0010	134	6	21931.8867	
2206	01-01-0010	154	7	23787.8867	
2211	01-01-0010	171	8	23957.8867	
2216	01-01-0010	190	9	24147.8867	
2221	01-01-0010	212	10	24367.8867	
2226	01-01-0011	36	1	3472.8438	
2231	01-01-0011	86	2	7362.8438	
2236	01-01-0011	235	3	14282.8438	
2241	01-01-0011	272	4	15482.8438	
2246	01-01-0011	301	5	16182.8438	
2251	01-01-0011	351	6	17782.8438	
2256	01-01-0011	406	7	19258.8438	
2261	01-01-0011	419	8	21932.8438	
2266	01-01-0011	437	9	22522.8438	
2271	01-01-0011	469	10	22842.8438	
2276	01-01-0012	40	1	9840.9648	
2281	01-01-0012	57	2	10010.9648	
2286	01-01-0012	80	3	13828.9648	
2291	01-01-0012	113	4	16538.9648	
2296	01-01-0012	142	5	17532.9648	
2301	01-01-0012	204	6	19240.9648	
2306	01-01-0012	236	7	20438.9648	
2311	01-01-0012	260	8	21138.9648	
2316	01-01-0012	284	9	21378.9648	
2321	01-01-0012	397	10	30474.9648	
2326	01-01-0013	69	1	2050.9805	
2331	01-01-0013	87	2	4440.9805	
2336	01-01-0013	155	3	8140.9805	
2341	01-01-0013	179	4	8380.9805	
2346	01-01-0013	209	5	8680.9805	
2351	01-01-0013	306	6	11850.9805	
2356	01-01-0013	436	7	15860.9805	
2361	01-01-0013	466	8	16450.9805	
2366	01-01-0013	559	9	22120.9805	
2371	01-01-0013	598	10	27220.9805	
2376	01-01-0014	96	1	6546.1602	
2381	01-01-0014	112	2	6706.1602	
2386	01-01-0014	138	3	8457.4102	
2391	01-01-0014	191	4	9187.4102	
2396	01-01-0014	218	5	12824.3398	
2401	01-01-0014	240	6	13044.3398	
2406	01-01-0014	310	7	17087.4102	
2411	01-01-0014	335	8	17337.4102	
2416	01-01-0014	358	9	19707.4102	
2421	01-01-0014	388	10	20387.4102	
2426	01-01-0016	69	1	10178.9102	
2431	01-01-0016	96	2	12628.9102	
2436	01-01-0016	108	3	12748.9102	
2441	01-01-0016	151	4	15458.9102	
2446	01-01-0016	157	5	16038.9102	
2451	01-01-0016	173	6	16198.9102	
2456	01-01-0016	210	7	19008.9102	
2461	01-01-0016	219	8	19978.9102	
2466	01-01-0016	256	9	20778.9102	
2471	01-01-0016	285	10	21068.9102	
2476	01-01-0017	153	1	11142.8789	
2481	01-01-0017	186	2	13862.8789	
2486	01-01-0017	224	3	14242.8789	
2491	01-01-0017	241	4	14412.8789	
2496	01-01-0017	320	5	21352.8789	
2501	01-01-0017	342	6	21572.8789	
2506	01-01-0017	362	7	25032.8789	
2511	01-01-0017	380	8	25612.8789	
2516	01-01-0017	399	9	25802.8789	
2521	01-01-0017	411	10	25922.8789	
2526	01-01-0018	161	1	5319.9102	
2531	01-01-0018	255	2	6489.9102	
2536	01-01-0018	309	3	7145.9102	
2541	01-01-0018	444	4	10769.9102	
2546	01-01-0018	527	5	13649.9102	
2551	01-01-0018	610	6	14479.9102	
2556	01-01-0018	671	7	19129.9102	
2561	01-01-0018	708	8	19499.9102	
2566	01-01-0018	762	9	20559.9102	
2571	01-01-0018	788	10	21019.9102	
2576	01-01-0019	25	1	5981.2969	
2581	01-01-0019	34	2	6751.2969	
2586	01-01-0019	69	3	9653.2969	
2591	01-01-0019	193	4	13131.2969	
2596	01-01-0019	205	5	13251.2969	
2601	01-01-0019	237	6	21641.2969	
2606	01-01-0019	325	7	22901.2969	
2611	01-01-0019	345	8	25041.2969	
2616	01-01-0019	395	9	26901.2969	
2621	01-01-0019	427	10	27857.2969	
2626	01-01-0020	2	1	3976.3398	
2631	01-01-0020	27	2	4426.5195	
2636	01-01-0020	40	3	4906.5195	
2641	01-01-0020	101	4	6296.5195	
2646	01-01-0020	144	5	10536.5195	
2651	01-01-0020	258	6	14686.5195	
2656	01-01-0020	279	7	15876.5195	
2661	01-01-0020	297	8	16056.5195	
2666	01-01-0020	316	9	17946.5195	
2671	01-01-0020	356	10	31576.5195	
2676	01-01-0021	70	1	11813.9531	
2681	01-01-0021	85	2	11963.9531	
2686	01-01-0021	99	3	12103.9531	
2691	01-01-0021	114	4	12453.9531	
2696	01-01-0021	131	5	12623.9531	
2701	01-01-0021	180	6	13113.9531	
2706	01-01-0021	286	7	17673.9531	
2711	01-01-0021	375	8	18563.9531	
2716	01-01-0021	403	9	18843.9531	
2721	01-01-0021	604	10	25313.7617	
2726	01-01-0022	46	1	1992.9805	
2731	01-01-0022	88	2	2412.9805	
2736	01-01-0022	108	3	2612.9805	
2741	01-01-0022	140	4	2932.9805	
2746	01-01-0022	158	5	3552.9805	
2751	01-01-0022	205	6	5232.9805	
2756	01-01-0022	229	7	8102.9805	
2761	01-01-0022	266	8	8732.9805	
2766	01-01-0022	345	9	9952.9805	
2771	01-01-0022	420	10	10932.9805	
2776	01-01-0023	27	1	4717.168	
2781	01-01-0023	230	2	17716.9961	
2786	01-01-0023	499	3	28212.9961	
2791	01-01-0024	357	1	16866.9883	
2796	01-01-0024	369	2	16986.9883	
2801	01-01-0024	732	3	30856.9883	
2806	01-01-0025	198	1	8897.9727	
2811	01-01-0025	222	2	9137.9727	
2816	01-01-0025	528	3	23527.9727	
2821	01-01-0026	99	1	5824.5625	
2826	01-01-0026	351	2	14894.5625	
2831	01-01-0026	697	3	22856.5625	
2836	01-01-0027	54	1	6511.9805	
2841	01-01-0027	145	2	10171.9805	
2846	01-01-0027	253	3	15851.9805	
2851	01-01-0028	79	1	4509.6914	
2856	01-01-0028	546	2	18139.6914	
2861	01-01-0028	560	3	18279.6914	
2866	01-01-0029	23	1	7971.4648	
2871	01-01-0029	96	2	17041.4648	
2876	01-01-0029	235	3	24151.4648	
2881	01-01-0030	5	1	2720.918	
2886	01-01-0030	117	2	10660.918	
2891	01-01-0030	276	3	16070.918	
2896	01-01-0031	42	1	2206.4336	
2901	01-01-0031	176	2	7916.4336	
2906	01-01-0031	636	3	17306.4336	
2911	01-01-0032	40	1	5864.7617	
2916	01-01-0032	217	2	22674.7617	
2921	01-01-0032	257	3	23274.7617	
2926	01-01-0033	106	1	12518.8867	
2931	01-01-0033	203	2	19076.8867	
2936	01-01-0033	286	3	20602.8867	
2941	01-01-0035	159	1	7882.9688	
2946	01-01-0035	173	2	8022.9688	
2951	01-01-0035	634	3	21462.9688	
2956	01-01-0036	333	1	9354.9414	
2961	01-01-0036	570	2	19940.9414	
2966	01-01-0036	827	3	26444.9414	
2971	01-01-0037	19	1	6298.0234	
2976	01-01-0037	23	2	10078.0234	
2981	01-01-0037	35	3	10198.0234	
2986	01-01-0038	83	1	3900.9766	
2991	01-01-0038	780	2	22619.9766	
2996	01-01-0038	951	3	24329.9766	
3001	01-01-0040	289	1	16739.9805	
3006	01-01-0040	309	2	16939.9805	
3011	01-01-0040	328	3	17329.9805	
3016	01-01-0041	49	1	2655.9297	
3021	01-01-0041	270	2	13825.9297	
3026	01-01-0041	276	3	14085.9297	
3031	01-01-0042	125	1	8052.5703	
3036	01-01-0042	172	2	20402.5703	
3041	01-01-0042	196	3	20642.5703	
3046	01-01-0043	356	1	13377.6836	
3051	01-01-0043	499	2	18227.6836	
3056	01-01-0043	766	3	27257.6836	
3061	01-01-0044	217	1	17401.9219	
3066	01-01-0044	530	2	28481.9219	
3071	01-01-0044	582	3	30961.9219	
3076	01-01-0046	274	1	8072.9531	
3081	01-01-0046	556	2	14682.9531	
3086	01-01-0046	585	3	15172.9531	
3091	01-01-0047	196	1	9639.8828	
3096	01-01-0047	311	2	19389.8828	
3101	01-01-0047	357	3	21119.8828	
3106	01-01-0048	98	1	13725.9297	
3111	01-01-0048	126	2	14005.9297	
3116	01-01-0048	464	3	24725.9297	
3121	01-01-0049	36	1	14786.6172	
3126	01-01-0049	53	2	14956.6172	
3131	01-01-0049	79	3	15216.6172	
3136	01-01-0050	5	1	12215.9453	
3141	01-01-0050	94	2	22005.9453	
3146	01-01-0050	143	3	25765.9453	
3151	01-01-0051	114	1	4165.9961	
3156	01-01-0051	167	2	7985.9961	
3161	01-01-0051	356	3	18105.9961	
3166	01-01-0053	114	1	12310.8789	
3171	01-01-0053	275	2	14120.8789	
3176	01-01-0053	580	3	30370.8789	
3181	01-01-0002	50	1	2981.8789	
3186	01-01-0002	203	2	10011.8789	
3191	01-01-0002	473	3	22241.8789	
3196	01-01-0003	140	1	15200.9688	
3201	01-01-0003	230	2	20190.9688	
3206	01-01-0003	337	3	23130.9688	
3211	01-01-0004	170	1	5045.9219	
3216	01-01-0004	394	2	12205.9219	
3221	01-01-0004	467	3	14445.9219	
3226	01-01-0005	54	1	3149.9102	
3231	01-01-0005	105	2	4653.9102	
3236	01-01-0005	161	3	5213.9102	
3241	01-01-0006	131	1	15128.957	
3246	01-01-0006	192	2	19088.957	
3251	01-01-0006	212	3	19488.957	
3256	01-01-0052	87	1	11813.9609	
3261	01-01-0052	129	2	15753.9609	
3266	01-01-0052	161	3	19813.9609	
3271	01-03-0001	82	1	5276.9063	
3276	01-03-0001	268	2	12606.9063	
3281	01-03-0001	773	3	27126.9063	
3286	01-03-0002	22	1	1728.9063	
3291	01-03-0002	522	2	25068.9063	
3296	01-03-0002	678	3	29628.9063	
3301	01-03-0006	139	1	8166.4727	
3306	01-03-0006	307	2	13556.4727	
3311	01-03-0006	374	3	14226.4727	
3316	01-03-0009	178	1	16247.9453	
3321	01-03-0009	210	2	17533.9453	
3326	01-03-0009	373	3	26017.9453	
3331	01-03-0012	151	1	6957.8945	
3336	01-03-0012	329	2	18777.8945	
3341	01-03-0012	351	3	18997.8945	
3346	01-03-0013	355	1	12190.8477	
3351	01-03-0013	588	2	18204.8477	
3356	01-03-0013	648	3	19004.8477	
3361	01-03-0014	37	1	1761.6289	
3366	01-03-0014	361	2	11131.6289	
3371	01-03-0014	969	3	27601.6289	
3376	01-03-0016	742	1	24788.6172	
3381	01-03-0016	865	2	28098.6172	
3386	01-03-0016	895	3	28398.6172	
3391	01-03-0017	110	1	1669.9219	
3396	01-03-0017	308	2	6689.9219	
3401	01-03-0017	403	3	10589.9219	
3406	01-03-0018	113	1	7414.2656	
3411	01-03-0018	576	2	20844.2656	
3416	01-03-0018	619	3	24104.2656	
3421	01-03-0019	80	1	2707.707	
3426	01-03-0019	362	2	13989.707	
3431	01-03-0019	489	3	16557.707	
3436	01-03-0024	540	1	15508.6094	
3441	01-03-0024	597	2	19088.6094	
3446	01-03-0024	696	3	20078.6094	
3451	01-03-0026	301	1	11241.7773	
3456	01-03-0026	636	2	21761.7773	
3461	01-03-0026	814	3	25771.7773	
3466	01-03-0027	34	1	701.7773	
3471	01-03-0027	220	2	5161.7773	
3476	01-03-0027	835	3	18095.7773	
3481	01-03-0028	293	1	16742.8867	
3486	01-03-0028	316	2	17492.8867	
3491	01-03-0028	575	3	25312.8867	
3496	01-03-0029	554	1	19492.9609	
3501	01-03-0029	570	2	19652.9609	
3506	01-03-0029	786	3	26272.9609	
3511	01-03-0030	57	1	4140.625	
3516	01-03-0030	187	2	17840.625	
3521	01-03-0030	272	3	23540.625	
3526	01-03-0031	23	1	3114.7617	
3531	01-03-0031	191	2	8030.7617	
3536	01-03-0031	707	3	23250.7617	
3541	01-03-0032	163	1	5664.8594	
3546	01-03-0032	485	2	15294.8594	
3551	01-03-0032	969	3	26234.8594	
3556	01-03-0036	369	1	10967.9141	
3561	01-03-0036	404	2	11317.9141	
3566	01-03-0036	591	3	13187.9141	
3571	01-03-0037	26	1	1840.8359	
3576	01-03-0037	38	2	2360.8359	
3581	01-03-0037	437	3	18170.8359	
3586	01-03-0038	47	1	1187.6406	
3591	01-03-0038	345	2	16583.6406	
3596	01-03-0038	622	3	27010.6914	
3601	01-03-0039	359	1	20160.7734	
3606	01-03-0039	422	2	21200.7734	
3611	01-03-0039	441	3	21506.7734	
3616	01-03-0051	98	1	8737.9141	
3621	01-03-0051	333	2	17359.9141	
3626	01-03-0051	435	3	21459.9141	
3631	01-03-0053	481	1	20868.918	
3636	01-03-0053	596	2	22538.918	
3641	01-03-0053	733	3	29158.918	
3646	01-03-0056	226	1	12922.8828	
3651	01-03-0056	248	2	13872.8828	
3656	01-03-0056	456	3	25762.8828	
3661	01-03-0058	58	1	6351.9102	
3666	01-03-0058	107	2	7799.9102	
3671	01-03-0058	144	3	10809.9102	
3676	01-03-0060	257	1	13451.9297	
3681	01-03-0060	513	2	23061.9297	
3686	01-03-0060	549	3	23421.9297	
3691	01-03-0061	71	1	3113.9141	
3696	01-03-0061	477	2	11803.9141	
3701	01-03-0061	635	3	17383.9141	
3706	01-03-0062	406	1	13762.9336	
3711	01-03-0062	606	2	18042.9336	
3716	01-03-0062	648	3	20292.9336	
3721	01-03-0063	7	1	2966	
3726	01-03-0063	122	2	12776	
3731	01-03-0063	186	3	15276	
3736	01-03-0064	72	1	6176.9961	
3741	01-03-0064	116	2	7476.9961	
3746	01-03-0064	704	3	27866.9961	
