eventNum	startSamples	durationSamples	startSec	durationSec	
1	1439	69	14.39	0.69	
2	2120	97	21.2	0.97	
3	3871	129	38.71	1.29	
4	4916	138	49.16	1.38	
5	5818	72	58.18	0.72	
6	6722	68	67.22	0.68	
7	7977	129	79.77	1.29	
8	8678	102	86.78	1.02	
9	9086	54	90.86	0.54	
10	9365	119	93.65	1.19	
11	9971	158	99.71	1.58	
12	11735	59	117.35	0.59	
13	12098	153	120.98	1.53	
14	13278	49	132.78	0.49	
15	14449	57	144.49	0.57	
16	15209	79	152.09	0.79	
17	15794	62	157.94	0.62	
18	16150	60	161.5	0.6	
19	19848	59	198.48	0.59	
20	20114	86	201.14	0.86	
21	21219	64	212.19	0.64	
22	23313	151	233.13	1.51	
23	23668	123	236.68	1.23	
24	24285	52	242.85	0.52	
25	24549	64	245.49	0.64	
26	24954	39	249.54	0.39	
27	25132	52	251.32	0.52	
28	26760	77	267.6	0.77	
29	27857	86	278.57	0.86	
30	28084	49	280.84	0.49	
31	29848	65	298.48	0.65	
32	31218	79	312.18	0.79	
33	31724	84	317.24	0.84	
34	35849	64	358.49	0.64	
35	35963	49	359.63	0.49	
36	36030	58	360.3	0.58	
37	36918	44	369.18	0.44	
38	38111	72	381.11	0.72	
39	39041	53	390.41	0.53	
40	39764	91	397.64	0.91	
41	41045	143	410.45	1.43	
42	41997	57	419.97	0.57	
43	43930	66	439.3	0.66	
44	44492	62	444.92	0.62	
45	46191	67	461.91	0.67	
46	47398	67	473.98	0.67	
47	49167	64	491.67	0.64	
48	49383	133	493.83	1.33	
49	50127	91	501.27	0.91	
50	50637	71	506.37	0.71	
51	53234	104	532.34	1.04	
52	53634	82	536.34	0.82	
53	54600	68	546	0.68	
54	55697	62	556.97	0.62	
55	56817	90	568.17	0.9	
56	57077	69	570.77	0.69	
57	58374	118	583.74	1.18	
58	58875	81	588.75	0.81	
59	59292	141	592.92	1.41	
60	59847	179	598.47	1.79	
61	60591	128	605.91	1.28	
62	61305	104	613.05	1.04	
63	61450	69	614.5	0.69	
64	63439	106	634.39	1.06	
65	63925	86	639.25	0.86	
66	64534	67	645.34	0.67	
67	64825	79	648.25	0.79	
68	65402	123	654.02	1.23	
69	65634	74	656.34	0.74	
70	67240	97	672.4	0.97	
71	67749	101	677.49	1.01	
72	69343	125	693.43	1.25	
73	70788	143	707.88	1.43	
74	71325	112	713.25	1.12	
75	72788	119	727.88	1.19	
76	72998	85	729.98	0.85	
77	73437	133	734.37	1.33	
78	73686	78	736.86	0.78	
79	74348	85	743.48	0.85	
80	75310	68	753.1	0.68	
81	75685	130	756.85	1.3	
82	75858	75	758.58	0.75	
83	75957	50	759.57	0.5	
84	76015	140	760.15	1.4	
85	76314	72	763.14	0.72	
86	76671	108	766.71	1.08	
87	77067	90	770.67	0.9	
88	77676	172	776.76	1.72	
89	78186	85	781.86	0.85	
90	79458	75	794.58	0.75	
91	79826	57	798.26	0.57	
92	80361	55	803.61	0.55	
93	80603	85	806.03	0.85	
94	81060	183	810.6	1.83	
95	81374	180	813.74	1.8	
96	82103	101	821.03	1.01	
97	82600	147	826	1.47	
98	83140	83	831.4	0.83	
99	85086	63	850.86	0.63	
100	85356	90	853.56	0.9	
101	85489	63	854.89	0.63	
102	86364	43	863.64	0.43	
103	86793	118	867.93	1.18	
104	87807	51	878.07	0.51	
105	88104	75	881.04	0.75	
106	88409	53	884.09	0.53	
107	88843	55	888.43	0.55	
108	89334	63	893.34	0.63	
109	91378	65	913.78	0.65	
110	91662	144	916.62	1.44	
111	92153	114	921.53	1.14	
112	93493	64	934.93	0.64	
113	94352	99	943.52	0.99	
114	95057	57	950.57	0.57	
115	95339	74	953.39	0.74	
116	95990	94	959.9	0.94	
117	96634	94	966.34	0.94	
118	97061	81	970.61	0.81	
119	97569	69	975.69	0.69	
120	97951	81	979.51	0.81	
121	98371	79	983.71	0.79	
122	98805	159	988.05	1.59	
123	99281	81	992.81	0.81	
124	99871	133	998.71	1.33	
125	100673	94	1006.73	0.94	
126	102795	74	1027.95	0.74	
127	103027	49	1030.27	0.49	
128	103730	111	1037.3	1.11	
129	104727	64	1047.27	0.64	
130	104818	59	1048.18	0.59	
131	105536	116	1055.36	1.16	
132	107557	106	1075.57	1.06	
133	107697	74	1076.97	0.74	
134	108043	52	1080.43	0.52	
135	109251	79	1092.51	0.79	
136	109929	78	1099.29	0.78	
137	110492	54	1104.92	0.54	
138	110949	94	1109.49	0.94	
139	111775	44	1117.75	0.44	
140	112412	72	1124.12	0.72	
141	114416	84	1144.16	0.84	
142	114896	89	1148.96	0.89	
143	115199	55	1151.99	0.55	
144	115728	34	1157.28	0.34	
145	121240	59	1212.4	0.59	
146	121472	123	1214.72	1.23	
147	122991	87	1229.91	0.87	
148	124447	49	1244.47	0.49	
149	127602	73	1276.02	0.73	
150	127931	156	1279.31	1.56	
151	147784	43	1477.84	0.43	
152	148910	82	1489.1	0.82	
153	149520	94	1495.2	0.94	
154	150544	91	1505.44	0.91	
155	151119	79	1511.19	0.79	
156	151601	89	1516.01	0.89	
157	152822	44	1528.22	0.44	
158	154859	69	1548.59	0.69	
159	155837	59	1558.37	0.59	
160	156423	91	1564.23	0.91	
161	157625	118	1576.25	1.18	
162	158447	89	1584.47	0.89	
163	161602	71	1616.02	0.71	
164	162555	58	1625.55	0.58	
165	164095	165	1640.95	1.65	
166	164558	107	1645.58	1.07	
167	165105	159	1651.05	1.59	
168	166124	84	1661.24	0.84	
169	168256	92	1682.56	0.92	
170	168592	89	1685.92	0.89	
171	168756	51	1687.56	0.51	
172	169800	64	1698	0.64	
173	170162	109	1701.62	1.09	
174	170709	142	1707.09	1.42	
175	171255	114	1712.55	1.14	
176	173085	77	1730.85	0.77	
177	173724	57	1737.24	0.57	
178	174247	99	1742.47	0.99	
179	177965	52	1779.65	0.52	
180	179162	59	1791.62	0.59	
181	181209	59	1812.09	0.59	
182	184675	84	1846.75	0.84	
183	185469	46	1854.69	0.46	
184	187456	58	1874.56	0.58	
185	187919	87	1879.19	0.87	
186	188430	82	1884.3	0.82	
187	189331	58	1893.31	0.58	
188	193196	127	1931.96	1.27	
189	193675	95	1936.75	0.95	
190	196979	66	1969.79	0.66	
191	199379	58	1993.79	0.58	
192	199777	71	1997.77	0.71	
193	201077	69	2010.77	0.69	
194	202466	32	2024.66	0.32	
195	205579	89	2055.79	0.89	
196	207033	89	2070.33	0.89	
197	207380	98	2073.8	0.98	
198	207760	59	2077.6	0.59	
199	208388	126	2083.88	1.26	
200	211525	106	2115.25	1.06	
201	212086	94	2120.86	0.94	
202	212508	64	2125.08	0.64	
203	213553	121	2135.53	1.21	
204	214745	105	2147.45	1.05	
205	215425	47	2154.25	0.47	
206	215668	107	2156.68	1.07	
207	220117	86	2201.17	0.86	
208	220631	76	2206.31	0.76	
209	222066	69	2220.66	0.69	
210	222917	108	2229.17	1.08	
211	223200	59	2232	0.59	
212	224978	75	2249.78	0.75	
213	225403	100	2254.03	1	
214	228399	62	2283.99	0.62	
215	228776	79	2287.76	0.79	
216	230732	44	2307.32	0.44	
217	234399	39	2343.99	0.39	
218	235252	33	2352.52	0.33	
219	236177	64	2361.77	0.64	
220	236696	36	2366.96	0.36	
221	237607	47	2376.07	0.47	
222	238935	47	2389.35	0.47	
223	243458	64	2434.58	0.64	
224	245192	31	2451.92	0.31	
225	251525	67	2515.25	0.67	
226	266438	83	2664.38	0.83	
227	270409	65	2704.09	0.65	
228	271887	46	2718.87	0.46	
229	273518	64	2735.18	0.64	
230	284203	59	2842.03	0.59	
231	287193	77	2871.93	0.77	
232	291006	48	2910.06	0.48	
233	307452	76	3074.52	0.76	
234	307772	61	3077.72	0.61	
235	309878	64	3098.78	0.64	
236	320199	38	3201.99	0.38	
237	321197	47	3211.97	0.47	
238	326943	55	3269.43	0.55	
239	328932	47	3289.32	0.47	
240	334518	79	3345.18	0.79	
241	356140	59	3561.4	0.59	
242	357699	78	3576.99	0.78	
243	359803	64	3598.03	0.64	
244	360697	108	3606.97	1.08	
245	362016	52	3620.16	0.52	
246	362533	52	3625.33	0.52	
247	366931	50	3669.31	0.5	
248	370879	71	3708.79	0.71	
249	374838	77	3748.38	0.77	
250	376106	73	3761.06	0.73	
251	380108	78	3801.08	0.78	
252	384229	60	3842.29	0.6	
253	384679	91	3846.79	0.91	
254	388064	51	3880.64	0.51	
255	389720	103	3897.2	1.03	
256	390086	104	3900.86	1.04	
257	390492	31	3904.92	0.31	
258	390936	69	3909.36	0.69	
259	391279	133	3912.79	1.33	
260	391779	172	3917.79	1.72	
261	392404	105	3924.04	1.05	
262	395239	96	3952.39	0.96	
263	396533	101	3965.33	1.01	
264	399379	53	3993.79	0.53	
265	399918	39	3999.18	0.39	
266	401676	80	4016.76	0.8	
267	402085	101	4020.85	1.01	
268	405733	107	4057.33	1.07	
269	406214	48	4062.14	0.48	
270	407341	73	4073.41	0.73	
271	407834	51	4078.34	0.51	
272	407916	64	4079.16	0.64	
273	408596	73	4085.96	0.73	
274	408825	57	4088.25	0.57	
275	408942	32	4089.42	0.32	
276	409504	61	4095.04	0.61	
277	409793	49	4097.93	0.49	
278	411526	46	4115.26	0.46	
279	412804	115	4128.04	1.15	
280	413472	84	4134.72	0.84	
281	413982	54	4139.82	0.54	
282	414238	144	4142.38	1.44	
283	415646	50	4156.46	0.5	
284	416149	91	4161.49	0.91	
285	417626	62	4176.26	0.62	
286	418706	84	4187.06	0.84	
287	419236	78	4192.36	0.78	
288	419492	93	4194.92	0.93	
289	421345	108	4213.45	1.08	
290	421630	60	4216.3	0.6	
291	422240	124	4222.4	1.24	
292	425267	124	4252.67	1.24	
293	428866	50	4288.66	0.5	
294	430338	126	4303.38	1.26	
295	430635	155	4306.35	1.55	
296	430865	89	4308.65	0.89	
297	431534	52	4315.34	0.52	
298	432158	81	4321.58	0.81	
299	432536	96	4325.36	0.96	
300	438703	33	4387.03	0.33	
301	439560	63	4395.6	0.63	
302	442048	44	4420.48	0.44	
303	442652	50	4426.52	0.5	
304	443443	103	4434.43	1.03	
305	444383	82	4443.83	0.82	
306	444769	50	4447.69	0.5	
307	446348	34	4463.48	0.34	
308	448649	103	4486.49	1.03	
309	450526	58	4505.26	0.58	
310	450690	97	4506.9	0.97	
311	451090	58	4510.9	0.58	
312	455049	33	4550.49	0.33	
313	458393	72	4583.93	0.72	
314	458974	113	4589.74	1.13	
315	459718	44	4597.18	0.44	
316	459971	69	4599.71	0.69	
317	575213	34	5752.13	0.34	
318	575270	44	5752.7	0.44	
319	575913	53	5759.13	0.53	
320	583113	46	5831.13	0.46	
321	589287	74	5892.87	0.74	
322	589573	81	5895.73	0.81	
323	592209	76	5922.09	0.76	
324	598321	49	5983.21	0.49	
325	603618	69	6036.18	0.69	
326	604297	62	6042.97	0.62	
327	608996	57	6089.96	0.57	
328	610665	39	6106.65	0.39	
329	616431	67	6164.31	0.67	
330	625171	67	6251.71	0.67	
331	627428	84	6274.28	0.84	
332	630024	47	6300.24	0.47	
333	633075	39	6330.75	0.39	
334	633483	79	6334.83	0.79	
335	633706	73	6337.06	0.73	
336	634208	94	6342.08	0.94	
337	634694	67	6346.94	0.67	
338	635199	89	6351.99	0.89	
339	636179	89	6361.79	0.89	
340	638007	48	6380.07	0.48	
341	638491	124	6384.91	1.24	
342	639349	94	6393.49	0.94	
343	640558	68	6405.58	0.68	
344	644470	37	6444.7	0.37	
345	646210	62	6462.1	0.62	
346	647402	62	6474.02	0.62	
347	648524	77	6485.24	0.77	
348	649474	77	6494.74	0.77	
349	651561	67	6515.61	0.67	
350	653108	62	6531.08	0.62	
351	655445	62	6554.45	0.62	
352	656419	99	6564.19	0.99	
353	657775	105	6577.75	1.05	
354	658464	76	6584.64	0.76	
355	658729	92	6587.29	0.92	
356	660111	149	6601.11	1.49	
357	662680	99	6626.8	0.99	
358	665187	72	6651.87	0.72	
359	677774	67	6777.74	0.67	
360	680661	59	6806.61	0.59	
361	683150	109	6831.5	1.09	
362	683668	64	6836.68	0.64	
363	683986	71	6839.86	0.71	
364	684299	70	6842.99	0.7	
365	684702	108	6847.02	1.08	
366	685650	86	6856.5	0.86	
367	688212	100	6882.12	1	
368	689310	87	6893.1	0.87	
369	689466	52	6894.66	0.52	
370	689819	68	6898.19	0.68	
371	692330	50	6923.3	0.5	
372	700338	67	7003.38	0.67	
373	704070	44	7040.7	0.44	
374	707173	75	7071.73	0.75	
375	713739	56	7137.39	0.56	
376	715767	44	7157.67	0.44	
377	716429	89	7164.29	0.89	
378	721719	56	7217.19	0.56	
379	724412	66	7244.12	0.66	
380	726110	79	7261.1	0.79	
381	726820	43	7268.2	0.43	
382	727918	69	7279.18	0.69	
383	728950	67	7289.5	0.67	
384	729714	91	7297.14	0.91	
385	730181	59	7301.81	0.59	
386	730966	91	7309.66	0.91	
387	731347	72	7313.47	0.72	
388	732243	64	7322.43	0.64	
389	732700	49	7327	0.49	
390	733854	84	7338.54	0.84	
391	736811	60	7368.11	0.6	
392	737253	100	7372.53	1	
393	737888	54	7378.88	0.54	
394	738996	88	7389.96	0.88	
395	741458	81	7414.58	0.81	
396	742011	42	7420.11	0.42	
397	742588	78	7425.88	0.78	
398	743198	76	7431.98	0.76	
399	752134	82	7521.34	0.82	
400	752699	101	7526.99	1.01	
401	754348	64	7543.48	0.64	
402	756472	52	7564.72	0.52	
403	757875	86	7578.75	0.86	
404	761255	64	7612.55	0.64	
405	761795	33	7617.95	0.33	
406	762148	56	7621.48	0.56	
407	763159	80	7631.59	0.8	
408	766050	89	7660.5	0.89	
409	766575	134	7665.75	1.34	
410	767178	102	7671.78	1.02	
411	768493	69	7684.93	0.69	
412	769665	49	7696.65	0.49	
413	770322	33	7703.22	0.33	
414	772202	61	7722.02	0.61	
415	772909	88	7729.09	0.88	
416	773173	48	7731.73	0.48	
417	773373	75	7733.73	0.75	
418	774694	140	7746.94	1.4	
419	775400	69	7754	0.69	
420	776700	101	7767	1.01	
421	777567	76	7775.67	0.76	
422	780208	93	7802.08	0.93	
423	780923	59	7809.23	0.59	
424	781278	93	7812.78	0.93	
425	783653	117	7836.53	1.17	
426	786083	94	7860.83	0.94	
427	786605	91	7866.05	0.91	
428	786972	44	7869.72	0.44	
429	787177	80	7871.77	0.8	
430	787716	78	7877.16	0.78	
431	789172	70	7891.72	0.7	
432	789747	75	7897.47	0.75	
433	790912	91	7909.12	0.91	
434	791808	183	7918.08	1.83	
435	792750	64	7927.5	0.64	
436	793186	169	7931.86	1.69	
437	794345	133	7943.45	1.33	
438	794734	36	7947.34	0.36	
439	796064	74	7960.64	0.74	
440	796717	117	7967.17	1.17	
441	798009	103	7980.09	1.03	
442	798603	101	7986.03	1.01	
443	799181	104	7991.81	1.04	
444	801745	69	8017.45	0.69	
445	802776	50	8027.76	0.5	
446	806018	43	8060.18	0.43	
447	816180	68	8161.8	0.68	
448	824268	64	8242.68	0.64	
449	835596	53	8355.96	0.53	
450	843074	48	8430.74	0.48	
451	843999	57	8439.99	0.57	
452	848445	91	8484.45	0.91	
453	849193	121	8491.93	1.21	
454	850238	92	8502.38	0.92	
455	852964	123	8529.64	1.23	
456	862845	82	8628.45	0.82	
457	863716	48	8637.16	0.48	
458	870040	73	8700.4	0.73	
459	874150	67	8741.5	0.67	
460	877737	54	8777.37	0.54	
461	878004	42	8780.04	0.42	
462	878293	54	8782.93	0.54	
463	879094	44	8790.94	0.44	
464	880116	59	8801.16	0.59	
465	880915	54	8809.15	0.54	
466	883030	84	8830.3	0.84	
467	884880	72	8848.8	0.72	
468	896550	59	8965.5	0.59	
469	902553	67	9025.53	0.67	
470	903320	101	9033.2	1.01	
471	908953	55	9089.53	0.55	
472	911426	42	9114.26	0.42	
473	913669	74	9136.69	0.74	
474	922465	61	9224.65	0.61	
475	929085	92	9290.85	0.92	
476	932218	75	9322.18	0.75	
477	932557	87	9325.57	0.87	
478	933169	55	9331.69	0.55	
479	936132	128	9361.32	1.28	
480	936996	137	9369.96	1.37	
481	937557	130	9375.57	1.3	
482	938231	91	9382.31	0.91	
483	939103	100	9391.03	1	
484	939921	96	9399.21	0.96	
485	940216	59	9402.16	0.59	
486	941386	87	9413.86	0.87	
487	943718	77	9437.18	0.77	
488	946334	123	9463.34	1.23	
489	947306	111	9473.06	1.11	
490	950202	136	9502.02	1.36	
491	950957	143	9509.57	1.43	
492	951382	91	9513.82	0.91	
493	951821	54	9518.21	0.54	
494	952171	133	9521.71	1.33	
495	953479	47	9534.79	0.47	
496	954802	59	9548.02	0.59	
497	959650	106	9596.5	1.06	
498	963430	106	9634.3	1.06	
499	965718	195	9657.18	1.95	
500	973168	65	9731.68	0.65	
501	982963	52	9829.63	0.52	
502	996862	72	9968.62	0.72	
503	1000082	59	10000.82	0.59	
504	1000465	77	10004.65	0.77	
505	1002211	42	10022.11	0.42	
506	1006681	57	10066.81	0.57	
507	1013094	204	10130.94	2.04	
508	1013792	64	10137.92	0.64	
509	1015436	50	10154.36	0.5	
510	1019056	69	10190.56	0.69	
511	1025562	89	10255.62	0.89	
512	1026169	85	10261.69	0.85	
513	1028080	192	10280.8	1.92	
514	1034938	77	10349.38	0.77	
515	1150115	79	11501.15	0.79	
516	1151102	66	11511.02	0.66	
517	1155229	114	11552.29	1.14	
518	1160390	96	11603.9	0.96	
519	1165108	53	11651.08	0.53	
520	1173868	73	11738.68	0.73	
521	1191986	32	11919.86	0.32	
522	1193253	67	11932.53	0.67	
523	1196112	44	11961.12	0.44	
524	1200370	82	12003.7	0.82	
525	1203495	105	12034.95	1.05	
526	1204010	46	12040.1	0.46	
527	1205568	114	12055.68	1.14	
528	1206577	46	12065.77	0.46	
529	1208856	67	12088.56	0.67	
530	1214920	81	12149.2	0.81	
531	1217838	87	12178.38	0.87	
532	1232249	94	12322.49	0.94	
533	1234240	101	12342.4	1.01	
534	1239281	62	12392.81	0.62	
535	1241691	104	12416.91	1.04	
536	1242356	52	12423.56	0.52	
537	1243512	66	12435.12	0.66	
538	1246173	50	12461.73	0.5	
539	1247836	62	12478.36	0.62	
540	1264738	34	12647.38	0.34	
541	1272484	64	12724.84	0.64	
542	1273055	180	12730.55	1.8	
543	1273442	42	12734.42	0.42	
544	1277401	87	12774.01	0.87	
545	1279129	64	12791.29	0.64	
546	1279559	57	12795.59	0.57	
547	1280107	44	12801.07	0.44	
548	1280827	78	12808.27	0.78	
549	1281279	64	12812.79	0.64	
550	1282180	82	12821.8	0.82	
551	1283810	66	12838.1	0.66	
552	1285737	56	12857.37	0.56	
553	1286382	83	12863.82	0.83	
554	1293589	64	12935.89	0.64	
555	1294042	31	12940.42	0.31	
556	1294816	82	12948.16	0.82	
557	1295190	66	12951.9	0.66	
558	1296554	31	12965.54	0.31	
559	1296914	71	12969.14	0.71	
560	1297466	36	12974.66	0.36	
561	1297582	44	12975.82	0.44	
562	1298109	44	12981.09	0.44	
563	1299271	33	12992.71	0.33	
564	1299322	56	12993.22	0.56	
565	1300339	48	13003.39	0.48	
566	1300919	145	13009.19	1.45	
567	1301355	97	13013.55	0.97	
568	1301569	57	13015.69	0.57	
569	1304670	149	13046.7	1.49	
570	1306505	95	13065.05	0.95	
571	1308246	57	13082.46	0.57	
572	1319555	61	13195.55	0.61	
573	1320707	48	13207.07	0.48	
574	1333568	48	13335.68	0.48	
575	1334454	81	13344.54	0.81	
576	1335298	85	13352.98	0.85	
577	1336484	122	13364.84	1.22	
578	1337270	76	13372.7	0.76	
579	1338990	62	13389.9	0.62	
580	1339422	134	13394.22	1.34	
581	1340068	140	13400.68	1.4	
582	1342021	75	13420.21	0.75	
583	1344109	43	13441.09	0.43	
584	1344707	111	13447.07	1.11	
585	1345034	99	13450.34	0.99	
586	1345402	57	13454.02	0.57	
587	1346308	67	13463.08	0.67	
588	1349918	116	13499.18	1.16	
589	1353380	89	13533.8	0.89	
590	1354928	52	13549.28	0.52	
591	1357748	134	13577.48	1.34	
592	1358154	82	13581.54	0.82	
593	1359728	87	13597.28	0.87	
594	1360153	64	13601.53	0.64	
595	1363287	64	13632.87	0.64	
596	1364571	125	13645.71	1.25	
597	1367232	71	13672.32	0.71	
598	1368731	106	13687.31	1.06	
599	1371726	114	13717.26	1.14	
600	1374475	111	13744.75	1.11	
601	1374880	109	13748.8	1.09	
602	1375786	139	13757.86	1.39	
603	1379148	64	13791.48	0.64	
604	1380054	66	13800.54	0.66	
605	1383883	69	13838.83	0.69	
606	1391293	121	13912.93	1.21	
607	1394971	50	13949.71	0.5	
608	1399634	69	13996.34	0.69	
609	1405682	64	14056.82	0.64	
610	1426677	61	14266.77	0.61	
611	1437758	63	14377.58	0.63	
612	1438215	36	14382.15	0.36	
613	1438872	102	14388.72	1.02	
614	1440363	41	14403.63	0.41	
615	1441679	60	14416.79	0.6	
616	1448116	64	14481.16	0.64	
617	1457734	49	14577.34	0.49	
618	1462526	44	14625.26	0.44	
619	1476433	46	14764.33	0.46	
620	1490414	77	14904.14	0.77	
621	1495137	111	14951.37	1.11	
622	1495497	56	14954.97	0.56	
623	1495862	70	14958.62	0.7	
624	1496964	55	14969.64	0.55	
625	1498466	65	14984.66	0.65	
626	1502072	46	15020.72	0.46	
627	1502995	73	15029.95	0.73	
628	1503314	65	15033.14	0.65	
629	1503525	69	15035.25	0.69	
630	1507372	96	15073.72	0.96	
631	1508143	71	15081.43	0.71	
632	1515354	124	15153.54	1.24	
633	1517913	59	15179.13	0.59	
634	1520332	81	15203.32	0.81	
635	1526145	71	15261.45	0.71	
636	1528587	73	15285.87	0.73	
637	1534061	54	15340.61	0.54	
638	1536050	49	15360.5	0.49	
639	1538040	91	15380.4	0.91	
640	1538636	42	15386.36	0.42	
641	1539136	36	15391.36	0.36	
642	1539489	239	15394.89	2.39	
643	1543508	71	15435.08	0.71	
644	1545092	50	15450.92	0.5	
645	1545499	189	15454.99	1.89	
646	1546017	36	15460.17	0.36	
647	1546941	89	15469.41	0.89	
648	1547860	152	15478.6	1.52	
649	1548338	111	15483.38	1.11	
650	1551671	104	15516.71	1.04	
651	1552096	131	15520.96	1.31	
652	1554703	47	15547.03	0.47	
653	1554796	42	15547.96	0.42	
654	1557505	122	15575.05	1.22	
655	1557958	40	15579.58	0.4	
656	1558478	60	15584.78	0.6	
657	1559283	91	15592.83	0.91	
658	1559803	79	15598.03	0.79	
659	1560079	42	15600.79	0.42	
660	1560522	31	15605.22	0.31	
661	1561840	38	15618.4	0.38	
662	1562316	56	15623.16	0.56	
663	1562772	64	15627.72	0.64	
664	1563290	67	15632.9	0.67	
665	1563610	64	15636.1	0.64	
666	1564252	81	15642.52	0.81	
667	1564965	111	15649.65	1.11	
668	1565792	79	15657.92	0.79	
669	1566293	91	15662.93	0.91	
670	1569633	101	15696.33	1.01	
671	1572016	109	15720.16	1.09	
672	1573985	81	15739.85	0.81	
673	1576383	92	15763.83	0.92	
674	1576943	112	15769.43	1.12	
675	1577895	144	15778.95	1.44	
676	1578561	44	15785.61	0.44	
677	1580671	201	15806.71	2.01	
678	1582833	38	15828.33	0.38	
679	1583769	139	15837.69	1.39	
680	1585445	31	15854.45	0.31	
681	1585503	80	15855.03	0.8	
682	1586111	52	15861.11	0.52	
683	1586841	50	15868.41	0.5	
684	1588454	54	15884.54	0.54	
685	1589860	69	15898.6	0.69	
686	1593756	114	15937.56	1.14	
687	1594172	151	15941.72	1.51	
688	1595769	48	15957.69	0.48	
689	1598045	63	15980.45	0.63	
690	1601723	118	16017.23	1.18	
691	1604921	33	16049.21	0.33	
692	1610685	66	16106.85	0.66	
693	1610967	49	16109.67	0.49	
694	1611375	50	16113.75	0.5	
695	1611563	123	16115.63	1.23	
696	1612167	115	16121.67	1.15	
697	1612414	81	16124.14	0.81	
698	1612894	178	16128.94	1.78	
699	1617296	91	16172.96	0.91	
700	1618580	118	16185.8	1.18	
701	1619180	62	16191.8	0.62	
702	1619374	68	16193.74	0.68	
703	1619489	67	16194.89	0.67	
704	1619889	91	16198.89	0.91	
705	1620907	62	16209.07	0.62	
706	1622486	96	16224.86	0.96	
707	1622771	128	16227.71	1.28	
708	1625453	100	16254.53	1	
709	1625982	69	16259.82	0.69	
710	1626706	68	16267.06	0.68	
711	1627649	49	16276.49	0.49	
712	1627732	56	16277.32	0.56	
713	1627926	89	16279.26	0.89	
714	1628813	93	16288.13	0.93	
715	1631437	96	16314.37	0.96	
716	1632328	82	16323.28	0.82	
717	1632559	96	16325.59	0.96	
718	1632992	78	16329.92	0.78	
719	1633860	94	16338.6	0.94	
720	1634453	69	16344.53	0.69	
721	1635043	72	16350.43	0.72	
722	1635468	81	16354.68	0.81	
723	1636051	43	16360.51	0.43	
724	1637047	73	16370.47	0.73	
725	1637432	83	16374.32	0.83	
726	1637679	142	16376.79	1.42	
727	1638471	133	16384.71	1.33	
728	1638729	86	16387.29	0.86	
729	1640145	55	16401.45	0.55	
730	1640462	89	16404.62	0.89	
731	1641787	125	16417.87	1.25	
732	1642543	60	16425.43	0.6	
733	1643318	83	16433.18	0.83	
734	1643754	136	16437.54	1.36	
735	1645646	51	16456.46	0.51	
736	1646315	50	16463.15	0.5	
737	1646896	169	16468.96	1.69	
738	1648201	140	16482.01	1.4	
739	1649999	70	16499.99	0.7	
740	1650935	51	16509.35	0.51	
741	1652802	68	16528.02	0.68	
742	1654949	51	16549.49	0.51	
743	1656502	84	16565.02	0.84	
744	1658488	77	16584.88	0.77	
745	1658845	49	16588.45	0.49	
746	1659601	69	16596.01	0.69	
747	1660736	96	16607.36	0.96	
748	1661670	52	16616.7	0.52	
749	1661972	116	16619.72	1.16	
750	1662524	128	16625.24	1.28	
751	1663605	62	16636.05	0.62	
752	1664989	57	16649.89	0.57	
753	1665956	72	16659.56	0.72	
754	1666449	114	16664.49	1.14	
755	1669088	58	16690.88	0.58	
756	1669555	115	16695.55	1.15	
757	1669791	64	16697.91	0.64	
758	1669940	101	16699.4	1.01	
759	1671807	101	16718.07	1.01	
760	1672678	82	16726.78	0.82	
761	1672966	58	16729.66	0.58	
762	1674150	88	16741.5	0.88	
763	1674618	42	16746.18	0.42	
764	1675203	78	16752.03	0.78	
765	1675640	136	16756.4	1.36	
766	1677391	53	16773.91	0.53	
767	1678235	61	16782.35	0.61	
768	1678595	93	16785.95	0.93	
769	1680694	164	16806.94	1.64	
770	1682202	87	16822.02	0.87	
771	1684786	62	16847.86	0.62	
772	1685497	49	16854.97	0.49	
773	1686098	47	16860.98	0.47	
774	1689278	82	16892.78	0.82	
775	1689810	171	16898.1	1.71	
776	1690295	54	16902.95	0.54	
777	1692818	66	16928.18	0.66	
778	1693181	87	16931.81	0.87	
779	1693838	68	16938.38	0.68	
780	1694814	87	16948.14	0.87	
781	1697050	55	16970.5	0.55	
782	1698140	98	16981.4	0.98	
783	1698734	61	16987.34	0.61	
784	1699883	48	16998.83	0.48	
785	1702215	52	17022.15	0.52	
786	1702578	41	17025.78	0.41	
787	1702796	155	17027.96	1.55	
788	1703568	80	17035.68	0.8	
789	1703913	76	17039.13	0.76	
790	1704366	68	17043.66	0.68	
791	1704479	99	17044.79	0.99	
792	1704959	66	17049.59	0.66	
793	1705238	71	17052.38	0.71	
794	1705720	62	17057.2	0.62	
795	1706118	80	17061.18	0.8	
796	1706704	114	17067.04	1.14	
797	1708729	116	17087.29	1.16	
798	1709613	94	17096.13	0.94	
799	1710115	50	17101.15	0.5	
800	1710279	69	17102.79	0.69	
801	1710512	78	17105.12	0.78	
802	1711029	154	17110.29	1.54	
803	1711634	77	17116.34	0.77	
804	1712123	89	17121.23	0.89	
805	1712948	77	17129.48	0.77	
806	1715343	98	17153.43	0.98	
807	1715716	83	17157.16	0.83	
808	1716190	40	17161.9	0.4	
809	1717443	30	17174.43	0.3	
810	1718100	46	17181	0.46	
811	1718492	104	17184.92	1.04	
812	1719383	73	17193.83	0.73	
813	1719674	74	17196.74	0.74	
814	1720614	119	17206.14	1.19	
815	1721307	53	17213.07	0.53	
816	1721669	98	17216.69	0.98	
817	1721780	51	17217.8	0.51	
818	1722160	40	17221.6	0.4	
819	1722264	33	17222.64	0.33	
820	1722342	110	17223.42	1.1	
821	1723616	101	17236.16	1.01	
822	1761701	67	17617.01	0.67	
823	1762675	54	17626.75	0.54	
824	1763134	54	17631.34	0.54	
825	1766115	39	17661.15	0.39	
826	1769699	62	17696.99	0.62	
827	1771877	66	17718.77	0.66	
828	1772713	68	17727.13	0.68	
829	1776075	192	17760.75	1.92	
830	1780847	65	17808.47	0.65	
831	1782324	130	17823.24	1.3	
832	1789027	130	17890.27	1.3	
833	1794223	84	17942.23	0.84	
834	1794543	101	17945.43	1.01	
835	1794975	94	17949.75	0.94	
836	1795355	60	17953.55	0.6	
837	1795930	76	17959.3	0.76	
838	1796709	91	17967.09	0.91	
839	1797116	91	17971.16	0.91	
840	1798109	60	17981.09	0.6	
841	1798272	61	17982.72	0.61	
842	1799158	84	17991.58	0.84	
843	1800369	89	18003.69	0.89	
844	1800756	32	18007.56	0.32	
845	1801778	95	18017.78	0.95	
846	1802234	85	18022.34	0.85	
847	1802465	52	18024.65	0.52	
848	1803061	36	18030.61	0.36	
849	1804190	91	18041.9	0.91	
850	1804405	124	18044.05	1.24	
851	1805029	84	18050.29	0.84	
852	1805173	31	18051.73	0.31	
853	1805589	68	18055.89	0.68	
854	1805743	86	18057.43	0.86	
855	1806024	78	18060.24	0.78	
856	1809500	76	18095	0.76	
857	1809955	57	18099.55	0.57	
858	1812141	90	18121.41	0.9	
859	1813419	64	18134.19	0.64	
860	1815097	76	18150.97	0.76	
861	1818195	81	18181.95	0.81	
862	1818856	96	18188.56	0.96	
863	1819679	89	18196.79	0.89	
864	1819961	153	18199.61	1.53	
865	1820258	52	18202.58	0.52	
866	1820550	80	18205.5	0.8	
867	1820925	203	18209.25	2.03	
868	1821357	128	18213.57	1.28	
869	1821765	134	18217.65	1.34	
870	1822102	72	18221.02	0.72	
871	1825620	77	18256.2	0.77	
872	1826262	44	18262.62	0.44	
873	1826326	60	18263.26	0.6	
874	1826644	65	18266.44	0.65	
875	1826990	113	18269.9	1.13	
876	1827276	37	18272.76	0.37	
877	1827446	35	18274.46	0.35	
878	1828862	114	18288.62	1.14	
879	1829843	69	18298.43	0.69	
880	1830215	69	18302.15	0.69	
881	1830441	61	18304.41	0.61	
882	1831679	125	18316.79	1.25	
883	1832247	176	18322.47	1.76	
884	1832687	119	18326.87	1.19	
885	1832950	75	18329.5	0.75	
886	1833053	87	18330.53	0.87	
887	1834846	119	18348.46	1.19	
888	1835263	44	18352.63	0.44	
889	1835624	153	18356.24	1.53	
890	1836943	174	18369.43	1.74	
891	1837633	103	18376.33	1.03	
892	1837991	115	18379.91	1.15	
893	1838291	46	18382.91	0.46	
894	1838841	53	18388.41	0.53	
895	1838915	85	18389.15	0.85	
896	1839118	57	18391.18	0.57	
897	1839739	78	18397.39	0.78	
898	1840053	79	18400.53	0.79	
899	1841381	112	18413.81	1.12	
900	1842199	167	18421.99	1.67	
901	1842711	93	18427.11	0.93	
902	1843079	211	18430.79	2.11	
903	1843725	70	18437.25	0.7	
904	1843874	84	18438.74	0.84	
905	1844322	93	18443.22	0.93	
906	1844484	57	18444.84	0.57	
907	1844778	162	18447.78	1.62	
908	1845870	50	18458.7	0.5	
909	1846597	52	18465.97	0.52	
910	1847338	90	18473.38	0.9	
911	1851478	154	18514.78	1.54	
912	1851754	161	18517.54	1.61	
913	1852698	100	18526.98	1	
914	1852888	85	18528.88	0.85	
915	1853010	217	18530.1	2.17	
916	1853617	105	18536.17	1.05	
917	1854098	53	18540.98	0.53	
918	1854398	108	18543.98	1.08	
919	1854562	118	18545.62	1.18	
920	1856149	108	18561.49	1.08	
921	1856459	172	18564.59	1.72	
922	1857040	197	18570.4	1.97	
923	1857470	209	18574.7	2.09	
924	1858843	92	18588.43	0.92	
925	1859845	57	18598.45	0.57	
926	1860104	64	18601.04	0.64	
927	1860379	83	18603.79	0.83	
928	1861426	96	18614.26	0.96	
929	1861944	101	18619.44	1.01	
930	1862675	146	18626.75	1.46	
931	1863048	111	18630.48	1.11	
932	1863172	42	18631.72	0.42	
933	1865982	67	18659.82	0.67	
934	1866436	74	18664.36	0.74	
935	1867013	104	18670.13	1.04	
936	1867297	52	18672.97	0.52	
937	1868782	104	18687.82	1.04	
938	1869458	64	18694.58	0.64	
939	1870842	96	18708.42	0.96	
940	1872742	109	18727.42	1.09	
941	1877917	104	18779.17	1.04	
942	1879804	76	18798.04	0.76	
943	1880965	100	18809.65	1	
944	1883219	62	18832.19	0.62	
945	1883447	58	18834.47	0.58	
946	1883757	44	18837.57	0.44	
947	1884236	84	18842.36	0.84	
948	1886333	190	18863.33	1.9	
949	1887374	170	18873.74	1.7	
950	1887779	126	18877.79	1.26	
951	1889067	155	18890.67	1.55	
952	1893552	183	18935.52	1.83	
953	1897918	37	18979.18	0.37	
954	1900950	38	19009.5	0.38	
955	1906720	74	19067.2	0.74	
956	1909306	101	19093.06	1.01	
957	1911803	64	19118.03	0.64	
958	1913005	155	19130.05	1.55	
959	1918743	96	19187.43	0.96	
960	1929386	52	19293.86	0.52	
961	1935372	51	19353.72	0.51	
962	1938141	101	19381.41	1.01	
963	1942419	62	19424.19	0.62	
964	1948599	66	19485.99	0.66	
965	1962007	101	19620.07	1.01	
966	1962735	78	19627.35	0.78	
967	1964927	83	19649.27	0.83	
968	1966440	107	19664.4	1.07	
969	1969390	66	19693.9	0.66	
970	1969690	124	19696.9	1.24	
971	1970362	41	19703.62	0.41	
972	1971577	76	19715.77	0.76	
973	1972045	92	19720.45	0.92	
974	1974427	46	19744.27	0.46	
975	1975111	44	19751.11	0.44	
976	1981562	31	19815.62	0.31	
977	1981653	42	19816.53	0.42	
978	1982592	47	19825.92	0.47	
979	1982659	36	19826.59	0.36	
980	1984773	56	19847.73	0.56	
981	1985461	136	19854.61	1.36	
982	1987573	72	19875.73	0.72	
983	1991378	69	19913.78	0.69	
984	1996153	30	19961.53	0.3	
985	1997465	111	19974.65	1.11	
986	2000950	119	20009.5	1.19	
987	2015754	86	20157.54	0.86	
988	2022489	49	20224.89	0.49	
989	2024457	52	20244.57	0.52	
990	2029384	52	20293.84	0.52	
991	2030211	54	20302.11	0.54	
992	2030803	106	20308.03	1.06	
993	2039780	81	20397.8	0.81	
994	2040051	67	20400.51	0.67	
995	2040916	67	20409.16	0.67	
996	2041799	129	20417.99	1.29	
997	2043131	99	20431.31	0.99	
998	2043626	129	20436.26	1.29	
999	2043955	107	20439.55	1.07	
1000	2044530	139	20445.3	1.39	
1001	2046829	135	20468.29	1.35	
1002	2047194	45	20471.94	0.45	
1003	2048893	85	20488.93	0.85	
1004	2049386	56	20493.86	0.56	
1005	2050068	107	20500.68	1.07	
1006	2050813	65	20508.13	0.65	
1007	2051196	91	20511.96	0.91	
1008	2053044	65	20530.44	0.65	
1009	2053133	99	20531.33	0.99	
1010	2054373	52	20543.73	0.52	
1011	2055059	94	20550.59	0.94	
1012	2057986	66	20579.86	0.66	
1013	2060213	112	20602.13	1.12	
1014	2060955	46	20609.55	0.46	
1015	2061017	82	20610.17	0.82	
1016	2063194	32	20631.94	0.32	
1017	2064494	53	20644.94	0.53	
1018	2065195	67	20651.95	0.67	
1019	2065522	53	20655.22	0.53	
1020	2065745	65	20657.45	0.65	
1021	2066065	57	20660.65	0.57	
1022	2067448	59	20674.48	0.59	
1023	2068800	171	20688	1.71	
1024	2070248	82	20702.48	0.82	
1025	2071574	59	20715.74	0.59	
1026	2073259	64	20732.59	0.64	
1027	2076764	99	20767.64	0.99	
1028	2085575	66	20855.75	0.66	
1029	2102913	56	21029.13	0.56	
1030	2107887	114	21078.87	1.14	
1031	2112329	136	21123.29	1.36	
1032	2113436	83	21134.36	0.83	
1033	2116691	84	21166.91	0.84	
1034	2119180	138	21191.8	1.38	
1035	2119772	170	21197.72	1.7	
1036	2121772	96	21217.72	0.96	
1037	2122539	153	21225.39	1.53	
1038	2123874	53	21238.74	0.53	
1039	2129062	131	21290.62	1.31	
1040	2130426	145	21304.26	1.45	
1041	2131473	140	21314.73	1.4	
1042	2132080	31	21320.8	0.31	
1043	2132547	69	21325.47	0.69	
1044	2132974	104	21329.74	1.04	
1045	2134228	36	21342.28	0.36	
1046	2135002	117	21350.02	1.17	
1047	2135680	128	21356.8	1.28	
1048	2136846	59	21368.46	0.59	
1049	2137176	81	21371.76	0.81	
1050	2137553	81	21375.53	0.81	
1051	2137913	133	21379.13	1.33	
1052	2139021	126	21390.21	1.26	
1053	2173973	75	21739.73	0.75	
1054	2176731	39	21767.31	0.39	
1055	2179621	89	21796.21	0.89	
1056	2180034	128	21800.34	1.28	
1057	2180321	92	21803.21	0.92	
1058	2180632	122	21806.32	1.22	
1059	2181482	92	21814.82	0.92	
1060	2181904	94	21819.04	0.94	
1061	2182215	97	21822.15	0.97	
1062	2183784	89	21837.84	0.89	
1063	2184737	89	21847.37	0.89	
1064	2185829	89	21858.29	0.89	
1065	2186375	100	21863.75	1	
1066	2186782	85	21867.82	0.85	
1067	2187116	91	21871.16	0.91	
1068	2187448	94	21874.48	0.94	
1069	2187740	111	21877.4	1.11	
1070	2188369	123	21883.69	1.23	
1071	2189272	187	21892.72	1.87	
1072	2189763	114	21897.63	1.14	
1073	2190343	171	21903.43	1.71	
1074	2191401	82	21914.01	0.82	
1075	2191761	46	21917.61	0.46	
1076	2192122	121	21921.22	1.21	
1077	2192707	191	21927.07	1.91	
1078	2193632	76	21936.32	0.76	
1079	2195170	78	21951.7	0.78	
1080	2195633	39	21956.33	0.39	
1081	2196837	79	21968.37	0.79	
1082	2197266	82	21972.66	0.82	
1083	2197752	119	21977.52	1.19	
1084	2198261	122	21982.61	1.22	
1085	2198687	72	21986.87	0.72	
1086	2198892	100	21988.92	1	
1087	2199120	58	21991.2	0.58	
1088	2199230	162	21992.3	1.62	
1089	2199986	31	21999.86	0.31	
1090	2200043	199	22000.43	1.99	
1091	2200781	121	22007.81	1.21	
1092	2201360	118	22013.6	1.18	
1093	2202029	48	22020.29	0.48	
1094	2202431	128	22024.31	1.28	
1095	2202872	145	22028.72	1.45	
1096	2203545	149	22035.45	1.49	
1097	2203970	158	22039.7	1.58	
1098	2204364	170	22043.64	1.7	
1099	2204875	147	22048.75	1.47	
1100	2205067	103	22050.67	1.03	
1101	2206065	121	22060.65	1.21	
1102	2206642	72	22066.42	0.72	
1103	2206818	75	22068.18	0.75	
1104	2207372	78	22073.72	0.78	
1105	2207764	89	22077.64	0.89	
1106	2209139	117	22091.39	1.17	
1107	2209840	85	22098.4	0.85	
1108	2210742	75	22107.42	0.75	
1109	2213432	141	22134.32	1.41	
1110	2214686	169	22146.86	1.69	
1111	2215400	100	22154	1	
1112	2216028	110	22160.28	1.1	
1113	2217898	59	22178.98	0.59	
1114	2218503	124	22185.03	1.24	
1115	2221316	105	22213.16	1.05	
1116	2222952	110	22229.52	1.1	
1117	2223251	67	22232.51	0.67	
1118	2224174	118	22241.74	1.18	
1119	2225165	87	22251.65	0.87	
1120	2226874	50	22268.74	0.5	
1121	2229707	69	22297.07	0.69	
1122	2230115	114	22301.15	1.14	
1123	2231252	160	22312.52	1.6	
1124	2231712	117	22317.12	1.17	
1125	2232106	124	22321.06	1.24	
1126	2233456	93	22334.56	0.93	
1127	2233856	50	22338.56	0.5	
1128	2234004	81	22340.04	0.81	
1129	2236070	64	22360.7	0.64	
1130	2236586	98	22365.86	0.98	
1131	2237081	108	22370.81	1.08	
1132	2237359	95	22373.59	0.95	
1133	2238829	58	22388.29	0.58	
1134	2239612	42	22396.12	0.42	
1135	2240355	130	22403.55	1.3	
1136	2240684	167	22406.84	1.67	
1137	2242123	64	22421.23	0.64	
1138	2242356	56	22423.56	0.56	
1139	2243169	54	22431.69	0.54	
1140	2244200	101	22442	1.01	
1141	2244711	101	22447.11	1.01	
1142	2245053	72	22450.53	0.72	
1143	2246033	79	22460.33	0.79	
1144	2247281	121	22472.81	1.21	
1145	2249529	128	22495.29	1.28	
1146	2251269	118	22512.69	1.18	
1147	2251697	89	22516.97	0.89	
1148	2252672	81	22526.72	0.81	
1149	2253380	84	22533.8	0.84	
1150	2254133	63	22541.33	0.63	
1151	2254455	39	22544.55	0.39	
1152	2255208	81	22552.08	0.81	
1153	2255738	52	22557.38	0.52	
1154	2256895	89	22568.95	0.89	
1155	2259833	79	22598.33	0.79	
1156	2261106	74	22611.06	0.74	
1157	2261812	72	22618.12	0.72	
1158	2263413	79	22634.13	0.79	
1159	2266597	55	22665.97	0.55	
1160	2267750	63	22677.5	0.63	
1161	2271995	47	22719.95	0.47	
1162	2274811	95	22748.11	0.95	
1163	2278158	100	22781.58	1	
1164	2279599	103	22795.99	1.03	
1165	2280497	114	22804.97	1.14	
1166	2280788	67	22807.88	0.67	
1167	2281766	178	22817.66	1.78	
1168	2282588	78	22825.88	0.78	
1169	2283024	61	22830.24	0.61	
1170	2284997	81	22849.97	0.81	
1171	2285227	75	22852.27	0.75	
1172	2286588	58	22865.88	0.58	
1173	2287174	83	22871.74	0.83	
1174	2288069	92	22880.69	0.92	
1175	2288466	136	22884.66	1.36	
1176	2289020	114	22890.2	1.14	
1177	2291348	72	22913.48	0.72	
1178	2291820	133	22918.2	1.33	
1179	2293234	106	22932.34	1.06	
1180	2293953	56	22939.53	0.56	
1181	2294067	56	22940.67	0.56	
1182	2294361	86	22943.61	0.86	
1183	2294870	83	22948.7	0.83	
1184	2295120	61	22951.2	0.61	
1185	2295786	97	22957.86	0.97	
1186	2296211	50	22962.11	0.5	
1187	2297256	78	22972.56	0.78	
1188	2297789	69	22977.89	0.69	
1189	2298284	89	22982.84	0.89	
1190	2298773	169	22987.73	1.69	
1191	2299956	114	22999.56	1.14	
1192	2301704	102	23017.04	1.02	
1193	2302211	147	23022.11	1.47	
1194	2302753	188	23027.53	1.88	
1195	2302983	67	23029.83	0.67	
1196	2303185	129	23031.85	1.29	
1197	2303530	182	23035.3	1.82	
1198	2304530	80	23045.3	0.8	
1199	2305007	60	23050.07	0.6	
1200	2306011	56	23060.11	0.56	
1201	2306471	82	23064.71	0.82	
1202	2307197	81	23071.97	0.81	
1203	2309172	109	23091.72	1.09	
1204	2309549	116	23095.49	1.16	
1205	2310108	97	23101.08	0.97	
1206	2310500	131	23105	1.31	
1207	2311837	156	23118.37	1.56	
1208	2312191	52	23121.91	0.52	
1209	2312374	43	23123.74	0.43	
1210	2312518	41	23125.18	0.41	
1211	2313062	80	23130.62	0.8	
1212	2313420	107	23134.2	1.07	
1213	2313747	151	23137.47	1.51	
1214	2314001	180	23140.01	1.8	
1215	2314295	155	23142.95	1.55	
1216	2314493	46	23144.93	0.46	
1217	2314729	46	23147.29	0.46	
1218	2315822	132	23158.22	1.32	
1219	2316465	145	23164.65	1.45	
1220	2316860	59	23168.6	0.59	
1221	2317153	67	23171.53	0.67	
1222	2319359	69	23193.59	0.69	
1223	2320225	41	23202.25	0.41	
1224	2320908	103	23209.08	1.03	
1225	2321397	32	23213.97	0.32	
1226	2322488	87	23224.88	0.87	
1227	2322690	116	23226.9	1.16	
1228	2323008	41	23230.08	0.41	
1229	2323058	59	23230.58	0.59	
1230	2323977	106	23239.77	1.06	
1231	2325504	96	23255.04	0.96	
1232	2325778	99	23257.78	0.99	
1233	2326084	57	23260.84	0.57	
1234	2326538	141	23265.38	1.41	
1235	2326819	44	23268.19	0.44	
1236	2327322	57	23273.22	0.57	
1237	2328625	138	23286.25	1.38	
1238	2330384	118	23303.84	1.18	
1239	2330769	79	23307.69	0.79	
1240	2331067	49	23310.67	0.49	
1241	2331252	37	23312.52	0.37	
1242	2331568	57	23315.68	0.57	
1243	2332388	100	23323.88	1	
1244	2332725	180	23327.25	1.8	
1245	2333149	141	23331.49	1.41	
1246	2333307	86	23333.07	0.86	
1247	2333576	101	23335.76	1.01	
1248	2336006	62	23360.06	0.62	
1249	2336448	44	23364.48	0.44	
1250	2336897	109	23368.97	1.09	
1251	2338315	39	23383.15	0.39	
1252	2339346	70	23393.46	0.7	
1253	2342085	52	23420.85	0.52	
1254	2342750	183	23427.5	1.83	
1255	2344226	98	23442.26	0.98	
1256	2344559	101	23445.59	1.01	
1257	2350546	63	23505.46	0.63	
1258	2351370	92	23513.7	0.92	
1259	2351774	76	23517.74	0.76	
1260	2352076	138	23520.76	1.38	
1261	2357779	176	23577.79	1.76	
1262	2358359	138	23583.59	1.38	
1263	2358857	201	23588.57	2.01	
1264	2361869	193	23618.69	1.93	
1265	2363022	194	23630.22	1.94	
1266	2363587	93	23635.87	0.93	
1267	2364363	108	23643.63	1.08	
1268	2365298	153	23652.98	1.53	
1269	2366255	140	23662.55	1.4	
1270	2366863	184	23668.63	1.84	
1271	2368495	103	23684.95	1.03	
1272	2369015	83	23690.15	0.83	
1273	2369317	169	23693.17	1.69	
1274	2370350	213	23703.5	2.13	
1275	2370875	202	23708.75	2.02	
1276	2372090	54	23720.9	0.54	
1277	2372959	89	23729.59	0.89	
1278	2374073	109	23740.73	1.09	
1279	2374720	44	23747.2	0.44	
1280	2375135	79	23751.35	0.79	
1281	2376400	99	23764	0.99	
1282	2376820	99	23768.2	0.99	
1283	2378192	100	23781.92	1	
1284	2379368	57	23793.68	0.57	
1285	2379827	52	23798.27	0.52	
1286	2380457	79	23804.57	0.79	
1287	2382983	38	23829.83	0.38	
1288	2383158	41	23831.58	0.41	
1289	2386510	100	23865.1	1	
1290	2387139	50	23871.39	0.5	
1291	2388274	58	23882.74	0.58	
1292	2388872	80	23888.72	0.8	
1293	2392081	67	23920.81	0.67	
1294	2392538	81	23925.38	0.81	
1295	2393115	33	23931.15	0.33	
1296	2394849	68	23948.49	0.68	
1297	2396180	84	23961.8	0.84	
1298	2396569	79	23965.69	0.79	
1299	2398262	69	23982.62	0.69	
1300	2399781	56	23997.81	0.56	
1301	2402239	118	24022.39	1.18	
1302	2402609	101	24026.09	1.01	
1303	2403341	133	24033.41	1.33	
1304	2403904	94	24039.04	0.94	
1305	2404324	86	24043.24	0.86	
1306	2404616	58	24046.16	0.58	
1307	2405715	36	24057.15	0.36	
1308	2406694	88	24066.94	0.88	
1309	2408251	86	24082.51	0.86	
1310	2409021	93	24090.21	0.93	
1311	2412692	63	24126.92	0.63	
1312	2413002	53	24130.02	0.53	
1313	2414068	61	24140.68	0.61	
1314	2417419	71	24174.19	0.71	
1315	2417714	86	24177.14	0.86	
1316	2428216	69	24282.16	0.69	
1317	2428316	49	24283.16	0.49	
1318	2428579	58	24285.79	0.58	
1319	2428860	159	24288.6	1.59	
1320	2429208	67	24292.08	0.67	
1321	2429692	71	24296.92	0.71	
1322	2430170	60	24301.7	0.6	
1323	2430552	180	24305.52	1.8	
1324	2431121	73	24311.21	0.73	
1325	2432262	58	24322.62	0.58	
1326	2433156	53	24331.56	0.53	
1327	2434315	87	24343.15	0.87	
1328	2434826	147	24348.26	1.47	
1329	2435217	82	24352.17	0.82	
1330	2435421	72	24354.21	0.72	
1331	2435830	144	24358.3	1.44	
1332	2436453	71	24364.53	0.71	
1333	2437873	120	24378.73	1.2	
1334	2438098	57	24380.98	0.57	
1335	2439776	71	24397.76	0.71	
1336	2440097	106	24400.97	1.06	
1337	2440541	105	24405.41	1.05	
1338	2441066	99	24410.66	0.99	
1339	2442396	68	24423.96	0.68	
1340	2442901	90	24429.01	0.9	
1341	2443270	161	24432.7	1.61	
1342	2443585	169	24435.85	1.69	
1343	2443933	107	24439.33	1.07	
1344	2447430	73	24474.3	0.73	
1345	2448029	92	24480.29	0.92	
1346	2449956	103	24499.56	1.03	
1347	2450320	51	24503.2	0.51	
1348	2450632	53	24506.32	0.53	
1349	2451038	52	24510.38	0.52	
1350	2451593	49	24515.93	0.49	
1351	2456565	81	24565.65	0.81	
1352	2459157	81	24591.57	0.81	
1353	2460005	40	24600.05	0.4	
1354	2461571	64	24615.71	0.64	
1355	2461984	49	24619.84	0.49	
1356	2462400	60	24624	0.6	
1357	2463055	64	24630.55	0.64	
1358	2464796	42	24647.96	0.42	
1359	2465371	42	24653.71	0.42	
1360	2467426	78	24674.26	0.78	
1361	2468032	76	24680.32	0.76	
1362	2468563	111	24685.63	1.11	
1363	2468830	38	24688.3	0.38	
1364	2469192	40	24691.92	0.4	
1365	2469498	89	24694.98	0.89	
1366	2469958	61	24699.58	0.61	
1367	2471464	53	24714.64	0.53	
1368	2471933	60	24719.33	0.6	
1369	2472388	78	24723.88	0.78	
1370	2474773	74	24747.73	0.74	
1371	2476799	66	24767.99	0.66	
1372	2481747	71	24817.47	0.71	
1373	2483446	66	24834.46	0.66	
1374	2519184	181	25191.84	1.81	
1375	2519837	122	25198.37	1.22	
1376	2519976	53	25199.76	0.53	
1377	2520275	151	25202.75	1.51	
1378	2520886	194	25208.86	1.94	
1379	2521451	163	25214.51	1.63	
1380	2521848	79	25218.48	0.79	
1381	2522712	74	25227.12	0.74	
1382	2522972	131	25229.72	1.31	
1383	2523305	111	25233.05	1.11	
1384	2523426	41	25234.26	0.41	
1385	2523876	50	25238.76	0.5	
1386	2524140	86	25241.4	0.86	
1387	2524750	106	25247.5	1.06	
1388	2524889	81	25248.89	0.81	
1389	2525278	139	25252.78	1.39	
1390	2525798	61	25257.98	0.61	
1391	2526028	69	25260.28	0.69	
1392	2526984	164	25269.84	1.64	
1393	2527373	94	25273.73	0.94	
1394	2527484	61	25274.84	0.61	
1395	2527595	62	25275.95	0.62	
1396	2527807	81	25278.07	0.81	
1397	2528004	69	25280.04	0.69	
1398	2528298	195	25282.98	1.95	
1399	2528717	140	25287.17	1.4	
1400	2529112	194	25291.12	1.94	
1401	2529509	125	25295.09	1.25	
1402	2529783	91	25297.83	0.91	
1403	2530221	67	25302.21	0.67	
1404	2530933	72	25309.33	0.72	
1405	2531330	96	25313.3	0.96	
1406	2531821	77	25318.21	0.77	
1407	2532076	39	25320.76	0.39	
1408	2532248	62	25322.48	0.62	
1409	2532641	61	25326.41	0.61	
1410	2532860	62	25328.6	0.62	
1411	2533691	42	25336.91	0.42	
1412	2534533	69	25345.33	0.69	
1413	2535038	81	25350.38	0.81	
1414	2535478	134	25354.78	1.34	
1415	2536001	109	25360.01	1.09	
1416	2536151	84	25361.51	0.84	
1417	2536511	65	25365.11	0.65	
1418	2536892	86	25368.92	0.86	
1419	2537634	106	25376.34	1.06	
1420	2537937	163	25379.37	1.63	
1421	2538315	71	25383.15	0.71	
1422	2539053	84	25390.53	0.84	
1423	2539491	42	25394.91	0.42	
1424	2539839	54	25398.39	0.54	
1425	2540251	101	25402.51	1.01	
1426	2541081	59	25410.81	0.59	
1427	2541436	97	25414.36	0.97	
1428	2542275	86	25422.75	0.86	
1429	2546492	133	25464.92	1.33	
1430	2546758	81	25467.58	0.81	
1431	2547061	92	25470.61	0.92	
1432	2548170	147	25481.7	1.47	
1433	2549503	106	25495.03	1.06	
1434	2551042	67	25510.42	0.67	
1435	2551922	53	25519.22	0.53	
1436	2552281	67	25522.81	0.67	
1437	2554414	133	25544.14	1.33	
1438	2556010	124	25560.1	1.24	
1439	2557377	106	25573.77	1.06	
1440	2559053	108	25590.53	1.08	
1441	2560325	145	25603.25	1.45	
1442	2564923	46	25649.23	0.46	
1443	2565348	81	25653.48	0.81	
1444	2567547	53	25675.47	0.53	
1445	2568024	63	25680.24	0.63	
1446	2568258	63	25682.58	0.63	
1447	2568612	46	25686.12	0.46	
1448	2569346	61	25693.46	0.61	
1449	2569874	53	25698.74	0.53	
1450	2571561	46	25715.61	0.46	
1451	2571625	39	25716.25	0.39	
1452	2572105	91	25721.05	0.91	
1453	2573750	59	25737.5	0.59	
1454	2574144	81	25741.44	0.81	
1455	2574251	53	25742.51	0.53	
1456	2575871	61	25758.71	0.61	
1457	2580364	56	25803.64	0.56	
1458	2580819	62	25808.19	0.62	
1459	2581080	40	25810.8	0.4	
1460	2586501	160	25865.01	1.6	
1461	2587551	174	25875.51	1.74	
1462	2599686	50	25996.86	0.5	
1463	2599967	57	25999.67	0.57	
1464	2600710	141	26007.1	1.41	
1465	2602787	96	26027.87	0.96	
1466	2604467	49	26044.67	0.49	
1467	2608922	106	26089.22	1.06	
1468	2615564	121	26155.64	1.21	
1469	2623608	105	26236.08	1.05	
1470	2625415	67	26254.15	0.67	
1471	2626791	53	26267.91	0.53	
1472	2627437	70	26274.37	0.7	
1473	2630121	53	26301.21	0.53	
1474	2633958	57	26339.58	0.57	
1475	2639527	42	26395.27	0.42	
1476	2640839	67	26408.39	0.67	
1477	2646438	44	26464.38	0.44	
1478	2646513	121	26465.13	1.21	
1479	2647443	59	26474.43	0.59	
1480	2647872	176	26478.72	1.76	
1481	2649161	71	26491.61	0.71	
1482	2649375	69	26493.75	0.69	
1483	2651281	98	26512.81	0.98	
1484	2651616	60	26516.16	0.6	
1485	2651902	37	26519.02	0.37	
1486	2652214	58	26522.14	0.58	
1487	2655892	100	26558.92	1	
1488	2656237	43	26562.37	0.43	
1489	2656608	108	26566.08	1.08	
1490	2656928	106	26569.28	1.06	
1491	2658032	105	26580.32	1.05	
1492	2658474	117	26584.74	1.17	
1493	2659890	65	26598.9	0.65	
1494	2660051	44	26600.51	0.44	
1495	2660826	64	26608.26	0.64	
1496	2660902	52	26609.02	0.52	
1497	2661582	147	26615.82	1.47	
1498	2663031	155	26630.31	1.55	
1499	2663887	71	26638.87	0.71	
1500	2664416	103	26644.16	1.03	
1501	2665540	165	26655.4	1.65	
1502	2666291	203	26662.91	2.03	
1503	2667673	117	26676.73	1.17	
1504	2669011	55	26690.11	0.55	
1505	2670138	76	26701.38	0.76	
1506	2670438	58	26704.38	0.58	
1507	2671030	122	26710.3	1.22	
1508	2671334	133	26713.34	1.33	
1509	2671645	58	26716.45	0.58	
1510	2674298	69	26742.98	0.69	
1511	2675087	78	26750.87	0.78	
1512	2675550	82	26755.5	0.82	
1513	2676139	110	26761.39	1.1	
1514	2676606	69	26766.06	0.69	
1515	2677188	62	26771.88	0.62	
1516	2677571	95	26775.71	0.95	
1517	2677862	60	26778.62	0.6	
1518	2678294	50	26782.94	0.5	
1519	2679585	31	26795.85	0.31	
1520	2686508	44	26865.08	0.44	
1521	2689091	62	26890.91	0.62	
1522	2691552	50	26915.52	0.5	
1523	2692571	62	26925.71	0.62	
1524	2693090	74	26930.9	0.74	
1525	2693424	71	26934.24	0.71	
1526	2695884	96	26958.84	0.96	
1527	2696171	104	26961.71	1.04	
1528	2700156	119	27001.56	1.19	
1529	2700882	110	27008.82	1.1	
1530	2702792	81	27027.92	0.81	
1531	2703231	92	27032.31	0.92	
1532	2704647	108	27046.47	1.08	
1533	2705211	42	27052.11	0.42	
1534	2705939	58	27059.39	0.58	
1535	2706622	58	27066.22	0.58	
1536	2707186	50	27071.86	0.5	
1537	2708356	36	27083.56	0.36	
1538	2708653	36	27086.53	0.36	
1539	2708903	58	27089.03	0.58	
1540	2710775	69	27107.75	0.69	
1541	2712120	50	27121.2	0.5	
1542	2714778	139	27147.78	1.39	
1543	2717025	56	27170.25	0.56	
1544	2718843	97	27188.43	0.97	
1545	2720059	61	27200.59	0.61	
1546	2720278	47	27202.78	0.47	
1547	2720854	78	27208.54	0.78	
1548	2720973	44	27209.73	0.44	
1549	2721057	185	27210.57	1.85	
1550	2722723	56	27227.23	0.56	
1551	2724187	95	27241.87	0.95	
1552	2726316	94	27263.16	0.94	
1553	2726895	106	27268.95	1.06	
1554	2730470	59	27304.7	0.59	
1555	2730741	69	27307.41	0.69	
1556	2731990	64	27319.9	0.64	
1557	2734519	111	27345.19	1.11	
1558	2737099	84	27370.99	0.84	
1559	2737256	61	27372.56	0.61	
1560	2737573	103	27375.73	1.03	
1561	2739881	58	27398.81	0.58	
1562	2740956	64	27409.56	0.64	
1563	2741162	72	27411.62	0.72	
1564	2743028	58	27430.28	0.58	
1565	2743356	86	27433.56	0.86	
1566	2743925	64	27439.25	0.64	
1567	2744087	97	27440.87	0.97	
1568	2744400	78	27444	0.78	
1569	2744723	125	27447.23	1.25	
1570	2745462	36	27454.62	0.36	
1571	2746250	83	27462.5	0.83	
1572	2747959	114	27479.59	1.14	
1573	2748192	72	27481.92	0.72	
1574	2748620	56	27486.2	0.56	
1575	2750274	133	27502.74	1.33	
1576	2752858	111	27528.58	1.11	
1577	2756730	116	27567.3	1.16	
1578	2760612	37	27606.12	0.37	
1579	2760686	84	27606.86	0.84	
1580	2761861	64	27618.61	0.64	
1581	2762648	59	27626.48	0.59	
1582	2762988	74	27629.88	0.74	
1583	2763766	57	27637.66	0.57	
1584	2764407	89	27644.07	0.89	
1585	2764769	146	27647.69	1.46	
1586	2765505	89	27655.05	0.89	
1587	2766114	79	27661.14	0.79	
1588	2766472	84	27664.72	0.84	
1589	2767241	86	27672.41	0.86	
1590	2767651	77	27676.51	0.77	
1591	2767992	57	27679.92	0.57	
1592	2769319	87	27693.19	0.87	
1593	2771281	116	27712.81	1.16	
1594	2771693	48	27716.93	0.48	
1595	2772547	67	27725.47	0.67	
1596	2774276	62	27742.76	0.62	
1597	2776597	42	27765.97	0.42	
1598	2778214	49	27782.14	0.49	
1599	2781440	96	27814.4	0.96	
1600	2783366	97	27833.66	0.97	
1601	2783799	47	27837.99	0.47	
1602	2784132	100	27841.32	1	
1603	2785854	97	27858.54	0.97	
1604	2786157	56	27861.57	0.56	
1605	2787213	75	27872.13	0.75	
1606	2788299	64	27882.99	0.64	
1607	2788885	67	27888.85	0.67	
1608	2789704	72	27897.04	0.72	
1609	2790571	100	27905.71	1	
1610	2792427	61	27924.27	0.61	
1611	2794913	81	27949.13	0.81	
1612	2795333	42	27953.33	0.42	
1613	2795624	96	27956.24	0.96	
1614	2796090	96	27960.9	0.96	
1615	2796808	67	27968.08	0.67	
1616	2797506	74	27975.06	0.74	
1617	2797898	116	27978.98	1.16	
1618	2798893	86	27988.93	0.86	
1619	2799689	99	27996.89	0.99	
1620	2800879	84	28008.79	0.84	
1621	2801331	42	28013.31	0.42	
1622	2802208	74	28022.08	0.74	
1623	2802692	57	28026.92	0.57	
1624	2802907	77	28029.07	0.77	
1625	2803299	64	28032.99	0.64	
1626	2803583	49	28035.83	0.49	
1627	2803758	69	28037.58	0.69	
1628	2804071	77	28040.71	0.77	
1629	2806986	64	28069.86	0.64	
1630	2807356	94	28073.56	0.94	
1631	2807731	67	28077.31	0.67	
1632	2808142	95	28081.42	0.95	
1633	2814986	66	28149.86	0.66	
1634	2815506	150	28155.06	1.5	
1635	2815839	111	28158.39	1.11	
1636	2816574	145	28165.74	1.45	
1637	2817039	82	28170.39	0.82	
1638	2818095	71	28180.95	0.71	
1639	2820040	112	28200.4	1.12	
1640	2820467	102	28204.67	1.02	
1641	2820689	111	28206.89	1.11	
1642	2821235	73	28212.35	0.73	
1643	2821682	69	28216.82	0.69	
1644	2822014	130	28220.14	1.3	
1645	2822374	61	28223.74	0.61	
1646	2822662	89	28226.62	0.89	
1647	2823404	60	28234.04	0.6	
1648	2825172	69	28251.72	0.69	
1649	2825319	80	28253.19	0.8	
1650	2826902	39	28269.02	0.39	
1651	2827191	52	28271.91	0.52	
1652	2827816	125	28278.16	1.25	
1653	2828199	65	28281.99	0.65	
1654	2836665	60	28366.65	0.6	
1655	2839533	140	28395.33	1.4	
1656	2841513	36	28415.13	0.36	
1657	2842150	96	28421.5	0.96	
1658	2842726	42	28427.26	0.42	
1659	2842804	40	28428.04	0.4	
1660	2843327	40	28433.27	0.4	
1661	2845418	79	28454.18	0.79	
1662	2845770	36	28457.7	0.36	
1663	2845824	36	28458.24	0.36	
1664	2846557	78	28465.57	0.78	
1665	2847918	87	28479.18	0.87	
1666	2848676	49	28486.76	0.49	
1667	2849539	79	28495.39	0.79	
1668	2850175	71	28501.75	0.71	
1669	2851352	101	28513.52	1.01	
1670	2855120	79	28551.2	0.79	
1671	2860081	54	28600.81	0.54	
1672	2864307	82	28643.07	0.82	
1673	2866197	57	28661.97	0.57	
1674	2867845	71	28678.45	0.71	
1675	2868235	56	28682.35	0.56	
1676	2869151	98	28691.51	0.98	
1677	2869688	80	28696.88	0.8	
1678	2872513	34	28725.13	0.34	
1679	2873124	98	28731.24	0.98	
1680	2873749	88	28737.49	0.88	
1681	2874007	80	28740.07	0.8	
1682	2874428	127	28744.28	1.27	
1683	2874944	78	28749.44	0.78	
1684	2875251	52	28752.51	0.52	
1685	2875321	39	28753.21	0.39	
1686	2875633	84	28756.33	0.84	
1687	2877347	62	28773.47	0.62	
1688	2881760	52	28817.6	0.52	
1689	2882107	81	28821.07	0.81	
1690	2882643	153	28826.43	1.53	
1691	2883167	66	28831.67	0.66	
1692	2883352	117	28833.52	1.17	
1693	2883776	107	28837.76	1.07	
1694	2889465	74	28894.65	0.74	
1695	2889867	121	28898.67	1.21	
1696	2890491	44	28904.91	0.44	
1697	2890811	136	28908.11	1.36	
1698	2891986	47	28919.86	0.47	
1699	2892885	56	28928.85	0.56	
1700	2893161	47	28931.61	0.47	
1701	2893905	64	28939.05	0.64	
1702	2894196	40	28941.96	0.4	
1703	2895144	69	28951.44	0.69	
1704	2897143	42	28971.43	0.42	
1705	2898336	52	28983.36	0.52	
1706	2898738	64	28987.38	0.64	
1707	2903509	47	29035.09	0.47	
1708	2912304	83	29123.04	0.83	
1709	2922466	64	29224.66	0.64	
1710	2967993	91	29679.93	0.91	
1711	2973029	72	29730.29	0.72	
1712	2975068	54	29750.68	0.54	
1713	2975576	36	29755.76	0.36	
1714	2976986	124	29769.86	1.24	
1715	2977317	92	29773.17	0.92	
1716	2978612	75	29786.12	0.75	
1717	2979342	124	29793.42	1.24	
1718	2980537	116	29805.37	1.16	
1719	2980947	104	29809.47	1.04	
1720	2981568	103	29815.68	1.03	
1721	2982061	160	29820.61	1.6	
1722	2983918	41	29839.18	0.41	
1723	2984802	104	29848.02	1.04	
1724	2985247	130	29852.47	1.3	
1725	2985984	141	29859.84	1.41	
1726	2986359	116	29863.59	1.16	
1727	2987208	118	29872.08	1.18	
1728	2988096	80	29880.96	0.8	
1729	2989611	108	29896.11	1.08	
1730	2989764	62	29897.64	0.62	
1731	2990108	54	29901.08	0.54	
1732	2990460	73	29904.6	0.73	
1733	2990653	64	29906.53	0.64	
1734	2991068	39	29910.68	0.39	
1735	2991432	96	29914.32	0.96	
1736	2991836	48	29918.36	0.48	
1737	2993229	162	29932.29	1.62	
1738	2993597	95	29935.97	0.95	
1739	2994052	128	29940.52	1.28	
1740	2994420	95	29944.2	0.95	
1741	2994864	148	29948.64	1.48	
1742	2995299	78	29952.99	0.78	
1743	2995660	85	29956.6	0.85	
1744	2996505	85	29965.05	0.85	
1745	2999266	70	29992.66	0.7	
1746	3000968	89	30009.68	0.89	
1747	3001966	64	30019.66	0.64	
1748	3002997	106	30029.97	1.06	
1749	3003723	81	30037.23	0.81	
1750	3004090	96	30040.9	0.96	
1751	3004887	151	30048.87	1.51	
1752	3005494	170	30054.94	1.7	
1753	3006017	101	30060.17	1.01	
1754	3006520	121	30065.2	1.21	
1755	3006964	146	30069.64	1.46	
1756	3008930	146	30089.3	1.46	
1757	3010224	59	30102.24	0.59	
1758	3011442	67	30114.42	0.67	
1759	3012316	121	30123.16	1.21	
1760	3012696	160	30126.96	1.6	
1761	3013622	136	30136.22	1.36	
1762	3014147	130	30141.47	1.3	
1763	3014596	138	30145.96	1.38	
1764	3015273	68	30152.73	0.68	
1765	3015515	51	30155.15	0.51	
1766	3015850	97	30158.5	0.97	
1767	3016452	68	30164.52	0.68	
1768	3017439	40	30174.39	0.4	
1769	3018607	145	30186.07	1.45	
1770	3018891	73	30188.91	0.73	
1771	3019240	90	30192.4	0.9	
1772	3019683	84	30196.83	0.84	
1773	3020014	51	30200.14	0.51	
1774	3020201	174	30202.01	1.74	
1775	3020580	133	30205.8	1.33	
1776	3021592	44	30215.92	0.44	
1777	3022751	50	30227.51	0.5	
1778	3023578	87	30235.78	0.87	
1779	3023842	66	30238.42	0.66	
1780	3024114	138	30241.14	1.38	
1781	3025422	85	30254.22	0.85	
1782	3028054	132	30280.54	1.32	
1783	3028630	86	30286.3	0.86	
1784	3029540	82	30295.4	0.82	
1785	3030116	100	30301.16	1	
1786	3031197	126	30311.97	1.26	
1787	3033265	103	30332.65	1.03	
1788	3034730	79	30347.3	0.79	
1789	3034940	62	30349.4	0.62	
1790	3055409	34	30554.09	0.34	
1791	3062526	67	30625.26	0.67	
1792	3073119	64	30731.19	0.64	
1793	3079528	62	30795.28	0.62	
1794	3092105	47	30921.05	0.47	
1795	3092880	71	30928.8	0.71	
1796	3093454	57	30934.54	0.57	
1797	3094598	77	30945.98	0.77	
1798	3095516	89	30955.16	0.89	
1799	3097907	39	30979.07	0.39	
1800	3103329	64	31033.29	0.64	
1801	3104393	67	31043.93	0.67	
1802	3106722	78	31067.22	0.78	
1803	3111601	59	31116.01	0.59	
1804	3112829	40	31128.29	0.4	
1805	3115390	81	31153.9	0.81	
1806	3118214	47	31182.14	0.47	
1807	3118736	80	31187.36	0.8	
1808	3119169	56	31191.69	0.56	
1809	3119578	154	31195.78	1.54	
1810	3119955	117	31199.55	1.17	
1811	3120238	100	31202.38	1	
1812	3123731	125	31237.31	1.25	
1813	3124200	63	31242	0.63	
1814	3125552	67	31255.52	0.67	
1815	3125945	60	31259.45	0.6	
1816	3126027	103	31260.27	1.03	
1817	3126705	47	31267.05	0.47	
1818	3127127	84	31271.27	0.84	
1819	3127691	95	31276.91	0.95	
1820	3129432	86	31294.32	0.86	
1821	3133934	78	31339.34	0.78	
1822	3135923	47	31359.23	0.47	
1823	3138896	42	31388.96	0.42	
1824	3139693	79	31396.93	0.79	
1825	3177583	91	31775.83	0.91	
1826	3202035	50	32020.35	0.5	
1827	3211836	77	32118.36	0.77	
1828	3213363	77	32133.63	0.77	
1829	3213790	67	32137.9	0.67	
1830	3214189	121	32141.89	1.21	
1831	3214841	59	32148.41	0.59	
1832	3218640	141	32186.4	1.41	
1833	3221159	109	32211.59	1.09	
1834	3222358	109	32223.58	1.09	
1835	3222839	126	32228.39	1.26	
1836	3223263	44	32232.63	0.44	
1837	3223540	132	32235.4	1.32	
1838	3223965	47	32239.65	0.47	
1839	3224750	94	32247.5	0.94	
1840	3225253	92	32252.53	0.92	
1841	3225586	62	32255.86	0.62	
1842	3225652	82	32256.52	0.82	
1843	3225931	81	32259.31	0.81	
1844	3226470	123	32264.7	1.23	
1845	3227161	120	32271.61	1.2	
1846	3228231	141	32282.31	1.41	
1847	3228705	151	32287.05	1.51	
1848	3229040	82	32290.4	0.82	
1849	3229252	53	32292.52	0.53	
1850	3230263	84	32302.63	0.84	
1851	3231051	77	32310.51	0.77	
1852	3232157	114	32321.57	1.14	
1853	3233633	59	32336.33	0.59	
1854	3234770	52	32347.7	0.52	
1855	3237116	101	32371.16	1.01	
1856	3239003	57	32390.03	0.57	
1857	3240210	79	32402.1	0.79	
1858	3244062	50	32440.62	0.5	
1859	3245223	85	32452.23	0.85	
1860	3245969	133	32459.69	1.33	
1861	3246267	73	32462.67	0.73	
1862	3246621	116	32466.21	1.16	
1863	3250298	78	32502.98	0.78	
1864	3250945	43	32509.45	0.43	
1865	3251046	72	32510.46	0.72	
1866	3251386	87	32513.86	0.87	
1867	3251984	55	32519.84	0.55	
1868	3252889	92	32528.89	0.92	
1869	3253882	52	32538.82	0.52	
1870	3254440	156	32544.4	1.56	
1871	3255927	50	32559.27	0.5	
1872	3256299	93	32562.99	0.93	
1873	3256454	75	32564.54	0.75	
1874	3257038	90	32570.38	0.9	
1875	3258864	117	32588.64	1.17	
1876	3259775	75	32597.75	0.75	
1877	3260509	59	32605.09	0.59	
1878	3260982	191	32609.82	1.91	
1879	3262465	93	32624.65	0.93	
1880	3262970	68	32629.7	0.68	
1881	3265845	114	32658.45	1.14	
1882	3269730	64	32697.3	0.64	
1883	3270724	72	32707.24	0.72	
1884	3272502	74	32725.02	0.74	
1885	3273118	81	32731.18	0.81	
1886	3273385	64	32733.85	0.64	
1887	3273694	44	32736.94	0.44	
1888	3273802	53	32738.02	0.53	
1889	3274435	97	32744.35	0.97	
1890	3275121	61	32751.21	0.61	
1891	3278241	89	32782.41	0.89	
1892	3282611	99	32826.11	0.99	
1893	3283139	47	32831.39	0.47	
1894	3286366	54	32863.66	0.54	
1895	3286692	74	32866.92	0.74	
1896	3287111	37	32871.11	0.37	
1897	3291657	67	32916.57	0.67	
1898	3292197	49	32921.97	0.49	
1899	3293091	104	32930.91	1.04	
1900	3295642	52	32956.42	0.52	
1901	3296653	69	32966.53	0.69	
1902	3297020	67	32970.2	0.67	
1903	3299747	44	32997.47	0.44	
1904	3301291	71	33012.91	0.71	
1905	3301880	53	33018.8	0.53	
1906	3303055	83	33030.55	0.83	
1907	3303538	111	33035.38	1.11	
1908	3304014	74	33040.14	0.74	
1909	3306861	69	33068.61	0.69	
1910	3307442	56	33074.42	0.56	
1911	3308154	57	33081.54	0.57	
1912	3316586	62	33165.86	0.62	
1913	3321039	52	33210.39	0.52	
1914	3323346	64	33233.46	0.64	
1915	3328941	97	33289.41	0.97	
1916	3348301	115	33483.01	1.15	
1917	3350929	102	33509.29	1.02	
1918	3351535	113	33515.35	1.13	
1919	3351649	87	33516.49	0.87	
1920	3352079	42	33520.79	0.42	
1921	3359696	47	33596.96	0.47	
1922	3364582	108	33645.82	1.08	
1923	3366493	50	33664.93	0.5	
1924	3369382	81	33693.82	0.81	
1925	3369704	89	33697.04	0.89	
1926	3372692	64	33726.92	0.64	
1927	3373363	86	33733.63	0.86	
1928	3374698	104	33746.98	1.04	
1929	3375105	111	33751.05	1.11	
1930	3375465	99	33754.65	0.99	
1931	3376178	119	33761.78	1.19	
1932	3376654	137	33766.54	1.37	
1933	3377160	76	33771.6	0.76	
1934	3377875	99	33778.75	0.99	
1935	3379100	144	33791	1.44	
1936	3379585	151	33795.85	1.51	
1937	3380515	54	33805.15	0.54	
1938	3381607	52	33816.07	0.52	
1939	3382908	81	33829.08	0.81	
1940	3386968	94	33869.68	0.94	
1941	3391387	62	33913.87	0.62	
1942	3392429	59	33924.29	0.59	
1943	3394670	191	33946.7	1.91	
1944	3403526	81	34035.26	0.81	
1945	3404515	59	34045.15	0.59	
1946	3416155	67	34161.55	0.67	
1947	3416619	96	34166.19	0.96	
1948	3417779	99	34177.79	0.99	
1949	3418790	126	34187.9	1.26	
1950	3419757	133	34197.57	1.33	
1951	3429591	97	34295.91	0.97	
1952	3431069	69	34310.69	0.69	
1953	3433282	55	34332.82	0.55	
1954	3436784	78	34367.84	0.78	
1955	3438753	46	34387.53	0.46	
1956	3439638	42	34396.38	0.42	
1957	3440543	62	34405.43	0.62	
1958	3441288	67	34412.88	0.67	
1959	3442713	50	34427.13	0.5	
1960	3443169	62	34431.69	0.62	
1961	3444557	52	34445.57	0.52	
1962	3449549	106	34495.49	1.06	
1963	3491025	91	34910.25	0.91	
1964	3491703	123	34917.03	1.23	
1965	3492057	50	34920.57	0.5	
1966	3495365	67	34953.65	0.67	
1967	3495512	74	34955.12	0.74	
1968	3496162	101	34961.62	1.01	
1969	3497730	81	34977.3	0.81	
1970	3498125	106	34981.25	1.06	
1971	3498719	96	34987.19	0.96	
1972	3500449	57	35004.49	0.57	
1973	3501376	86	35013.76	0.86	
1974	3502457	69	35024.57	0.69	
1975	3502748	64	35027.48	0.64	
1976	3502911	52	35029.11	0.52	
1977	3503126	99	35031.26	0.99	
1978	3503328	47	35033.28	0.47	
1979	3503848	96	35038.48	0.96	
1980	3504206	54	35042.06	0.54	
1981	3504646	74	35046.46	0.74	
1982	3505287	106	35052.87	1.06	
1983	3505808	80	35058.08	0.8	
1984	3506691	136	35066.91	1.36	
1985	3508369	42	35083.69	0.42	
1986	3509310	64	35093.1	0.64	
1987	3509872	87	35098.72	0.87	
1988	3509986	56	35099.86	0.56	
1989	3510314	31	35103.14	0.31	
1990	3512456	51	35124.56	0.51	
1991	3513899	94	35138.99	0.94	
1992	3514004	44	35140.04	0.44	
1993	3515123	116	35151.23	1.16	
1994	3515541	33	35155.41	0.33	
1995	3516018	44	35160.18	0.44	
1996	3516445	77	35164.45	0.77	
1997	3516809	60	35168.09	0.6	
1998	3517120	109	35171.2	1.09	
1999	3517244	58	35172.44	0.58	
2000	3519152	84	35191.52	0.84	
2001	3519760	127	35197.6	1.27	
2002	3520280	120	35202.8	1.2	
2003	3520553	89	35205.53	0.89	
2004	3522198	79	35221.98	0.79	
2005	3523463	80	35234.63	0.8	
2006	3524580	75	35245.8	0.75	
2007	3525862	82	35258.62	0.82	
2008	3529546	75	35295.46	0.75	
2009	3529646	104	35296.46	1.04	
2010	3531339	67	35313.39	0.67	
2011	3531412	135	35314.12	1.35	
2012	3532979	196	35329.79	1.96	
2013	3533391	111	35333.91	1.11	
2014	3533581	99	35335.81	0.99	
2015	3534006	83	35340.06	0.83	
2016	3537408	75	35374.08	0.75	
2017	3538164	153	35381.64	1.53	
2018	3538735	168	35387.35	1.68	
2019	3539238	114	35392.38	1.14	
2020	3540025	136	35400.25	1.36	
2021	3540717	86	35407.17	0.86	
2022	3541634	98	35416.34	0.98	
2023	3542631	89	35426.31	0.89	
2024	3542870	74	35428.7	0.74	
2025	3543367	183	35433.67	1.83	
2026	3544393	59	35443.93	0.59	
2027	3544720	111	35447.2	1.11	
2028	3545178	154	35451.78	1.54	
2029	3547023	206	35470.23	2.06	
2030	3548320	64	35483.2	0.64	
2031	3548859	175	35488.59	1.75	
2032	3551215	161	35512.15	1.61	
2033	3552116	117	35521.16	1.17	
2034	3552783	93	35527.83	0.93	
2035	3553258	148	35532.58	1.48	
2036	3554204	57	35542.04	0.57	
2037	3555977	68	35559.77	0.68	
2038	3558408	49	35584.08	0.49	
2039	3558659	44	35586.59	0.44	
2040	3559228	126	35592.28	1.26	
2041	3562706	76	35627.06	0.76	
2042	3563231	53	35632.31	0.53	
2043	3566884	62	35668.84	0.62	
2044	3567464	44	35674.64	0.44	
2045	3568675	49	35686.75	0.49	
2046	3577285	64	35772.85	0.64	
2047	3578015	47	35780.15	0.47	
2048	3578185	74	35781.85	0.74	
2049	3579438	62	35794.38	0.62	
2050	3580174	89	35801.74	0.89	
2051	3583273	81	35832.73	0.81	
2052	3586080	91	35860.8	0.91	
2053	3589463	68	35894.63	0.68	
2054	3590168	84	35901.68	0.84	
2055	3590431	99	35904.31	0.99	
2056	3590823	149	35908.23	1.49	
2057	3591838	106	35918.38	1.06	
2058	3594376	130	35943.76	1.3	
2059	3594689	139	35946.89	1.39	
2060	3595238	108	35952.38	1.08	
2061	3595780	123	35957.8	1.23	
2062	3598563	56	35985.63	0.56	
2063	3599144	91	35991.44	0.91	
2064	3599925	103	35999.25	1.03	
2065	3600738	154	36007.38	1.54	
2066	3601250	49	36012.5	0.49	
2067	3602377	99	36023.77	0.99	
2068	3602750	42	36027.5	0.42	
2069	3605156	96	36051.56	0.96	
2070	3605926	188	36059.26	1.88	
2071	3607428	123	36074.28	1.23	
2072	3608074	116	36080.74	1.16	
2073	3610867	148	36108.67	1.48	
2074	3611395	72	36113.95	0.72	
2075	3613636	77	36136.36	0.77	
2076	3616130	59	36161.3	0.59	
2077	3616376	62	36163.76	0.62	
2078	3617758	77	36177.58	0.77	
2079	3620543	72	36205.43	0.72	
2080	3620990	62	36209.9	0.62	
2081	3621918	44	36219.18	0.44	
2082	3622857	109	36228.57	1.09	
2083	3623703	79	36237.03	0.79	
2084	3624374	62	36243.74	0.62	
2085	3624560	59	36245.6	0.59	
2086	3628161	126	36281.61	1.26	
2087	3629422	81	36294.22	0.81	
2088	3631403	64	36314.03	0.64	
2089	3631677	64	36316.77	0.64	
2090	3632188	48	36321.88	0.48	
2091	3633725	86	36337.25	0.86	
2092	3633935	81	36339.35	0.81	
2093	3635467	64	36354.67	0.64	
2094	3635985	111	36359.85	1.11	
2095	3636689	58	36366.89	0.58	
2096	3637078	53	36370.78	0.53	
2097	3637534	92	36375.34	0.92	
2098	3637806	44	36378.06	0.44	
2099	3640108	52	36401.08	0.52	
2100	3640763	65	36407.63	0.65	
2101	3642814	89	36428.14	0.89	
2102	3643769	116	36437.69	1.16	
2103	3645047	94	36450.47	0.94	
2104	3647729	113	36477.29	1.13	
2105	3651403	123	36514.03	1.23	
2106	3652760	58	36527.6	0.58	
2107	3653292	79	36532.92	0.79	
2108	3654719	115	36547.19	1.15	
2109	3654936	135	36549.36	1.35	
2110	3655952	131	36559.52	1.31	
2111	3656769	149	36567.69	1.49	
2112	3658850	111	36588.5	1.11	
2113	3659460	44	36594.6	0.44	
2114	3660449	37	36604.49	0.37	
2115	3660863	52	36608.63	0.52	
2116	3662452	48	36624.52	0.48	
2117	3665024	37	36650.24	0.37	
2118	3667120	51	36671.2	0.51	
2119	3667413	67	36674.13	0.67	
2120	3667511	67	36675.11	0.67	
2121	3667606	30	36676.06	0.3	
2122	3667722	57	36677.22	0.57	
2123	3668211	75	36682.11	0.75	
2124	3674550	50	36745.5	0.5	
2125	3678882	81	36788.82	0.81	
2126	3680623	100	36806.23	1	
2127	3681850	83	36818.5	0.83	
2128	3683876	87	36838.76	0.87	
2129	3684819	138	36848.19	1.38	
2130	3689194	80	36891.94	0.8	
2131	3696256	60	36962.56	0.6	
2132	3698851	59	36988.51	0.59	
2133	3728536	31	37285.36	0.31	
2134	3731880	69	37318.8	0.69	
2135	3737503	42	37375.03	0.42	
2136	3739016	72	37390.16	0.72	
2137	3739319	109	37393.19	1.09	
2138	3739874	137	37398.74	1.37	
2139	3740382	96	37403.82	0.96	
2140	3741117	81	37411.17	0.81	
2141	3742145	65	37421.45	0.65	
2142	3742454	123	37424.54	1.23	
2143	3743015	111	37430.15	1.11	
2144	3747126	57	37471.26	0.57	
2145	3748460	137	37484.6	1.37	
2146	3749229	62	37492.29	0.62	
2147	3756729	79	37567.29	0.79	
2148	3757818	56	37578.18	0.56	
2149	3759114	59	37591.14	0.59	
2150	3760239	67	37602.39	0.67	
2151	3760696	51	37606.96	0.51	
2152	3762023	68	37620.23	0.68	
2153	3764776	59	37647.76	0.59	
2154	3767157	110	37671.57	1.1	
2155	3771130	83	37711.3	0.83	
2156	3772724	61	37727.24	0.61	
2157	3774749	46	37747.49	0.46	
2158	3775130	87	37751.3	0.87	
2159	3776911	127	37769.11	1.27	
2160	3780123	119	37801.23	1.19	
2161	3782538	139	37825.38	1.39	
2162	3783040	96	37830.4	0.96	
2163	3804947	79	38049.47	0.79	
2164	3814137	58	38141.37	0.58	
2165	3816010	39	38160.1	0.39	
2166	3829901	40	38299.01	0.4	
2167	3830228	58	38302.28	0.58	
2168	3830681	31	38306.81	0.31	
2169	3831864	72	38318.64	0.72	
2170	3834869	34	38348.69	0.34	
2171	3840713	62	38407.13	0.62	
2172	3849431	74	38494.31	0.74	
2173	3851225	86	38512.25	0.86	
2174	3856546	143	38565.46	1.43	
2175	3860280	89	38602.8	0.89	
2176	3863233	98	38632.33	0.98	
2177	3866644	57	38666.44	0.57	
2178	3868319	146	38683.19	1.46	
2179	3869308	52	38693.08	0.52	
2180	3870133	77	38701.33	0.77	
2181	3870737	84	38707.37	0.84	
2182	3883122	117	38831.22	1.17	
2183	3884072	40	38840.72	0.4	
2184	3891922	79	38919.22	0.79	
2185	3896129	84	38961.29	0.84	
2186	3901929	72	39019.29	0.72	
2187	3906743	39	39067.43	0.39	
2188	3909501	36	39095.01	0.36	
2189	3912647	108	39126.47	1.08	
2190	3919647	117	39196.47	1.17	
2191	3920762	120	39207.62	1.2	
2192	3926346	93	39263.46	0.93	
2193	3930547	79	39305.47	0.79	
2194	3941804	48	39418.04	0.48	
2195	3945226	91	39452.26	0.91	
2196	3946924	67	39469.24	0.67	
2197	3947338	56	39473.38	0.56	
2198	3948633	59	39486.33	0.59	
2199	3956148	84	39561.48	0.84	
2200	3960985	85	39609.85	0.85	
2201	3962148	60	39621.48	0.6	
2202	3963705	85	39637.05	0.85	
2203	3968020	69	39680.2	0.69	
2204	3968933	112	39689.33	1.12	
2205	3970974	73	39709.74	0.73	
2206	3971077	69	39710.77	0.69	
2207	3971593	87	39715.93	0.87	
2208	3976586	109	39765.86	1.09	
2209	3978647	99	39786.47	0.99	
2210	3979381	76	39793.81	0.76	
2211	3980608	32	39806.08	0.32	
2212	3981230	31	39812.3	0.31	
2213	3981305	36	39813.05	0.36	
2214	3981622	78	39816.22	0.78	
2215	3984164	96	39841.64	0.96	
2216	3986206	56	39862.06	0.56	
2217	3986483	97	39864.83	0.97	
2218	3990208	36	39902.08	0.36	
2219	3990933	67	39909.33	0.67	
2220	3991014	89	39910.14	0.89	
2221	3991652	75	39916.52	0.75	
2222	3993659	153	39936.59	1.53	
2223	3994155	78	39941.55	0.78	
2224	3995212	71	39952.12	0.71	
2225	3996112	100	39961.12	1	
2226	3997505	76	39975.05	0.76	
2227	3997925	91	39979.25	0.91	
2228	3998816	30	39988.16	0.3	
2229	4002092	103	40020.92	1.03	
2230	4014407	72	40144.07	0.72	
2231	4018162	77	40181.62	0.77	
2232	4019284	81	40192.84	0.81	
2233	4019765	89	40197.65	0.89	
2234	4029317	48	40293.17	0.48	
2235	4030951	54	40309.51	0.54	
2236	4033161	39	40331.61	0.39	
2237	4038260	57	40382.6	0.57	
2238	4041283	78	40412.83	0.78	
2239	4044800	49	40448	0.49	
2240	4050572	53	40505.72	0.53	
2241	4056211	75	40562.11	0.75	
2242	4060162	102	40601.62	1.02	
2243	4060744	46	40607.44	0.46	
2244	4062084	76	40620.84	0.76	
2245	4062473	89	40624.73	0.89	
2246	4063079	79	40630.79	0.79	
2247	4067832	57	40678.32	0.57	
2248	4070913	64	40709.13	0.64	
2249	4071868	57	40718.68	0.57	
2250	4074012	43	40740.12	0.43	
2251	4074387	54	40743.87	0.54	
2252	4075580	64	40755.8	0.64	
2253	4079961	82	40799.61	0.82	
2254	4080744	48	40807.44	0.48	
2255	4081544	80	40815.44	0.8	
2256	4083601	60	40836.01	0.6	
2257	4085712	81	40857.12	0.81	
2258	4089438	123	40894.38	1.23	
2259	4090964	91	40909.64	0.91	
2260	4092770	73	40927.7	0.73	
2261	4096682	113	40966.82	1.13	
2262	4098768	45	40987.68	0.45	
2263	4099956	80	40999.56	0.8	
2264	4100654	64	41006.54	0.64	
2265	4101407	119	41014.07	1.19	
2266	4102801	87	41028.01	0.87	
2267	4103782	64	41037.82	0.64	
2268	4106981	128	41069.81	1.28	
2269	4107406	58	41074.06	0.58	
2270	4107650	121	41076.5	1.21	
2271	4108124	93	41081.24	0.93	
2272	4108878	178	41088.78	1.78	
2273	4110550	95	41105.5	0.95	
2274	4111150	105	41111.5	1.05	
2275	4111604	163	41116.04	1.63	
2276	4112808	158	41128.08	1.58	
2277	4115063	121	41150.63	1.21	
2278	4116178	86	41161.78	0.86	
2279	4116790	121	41167.9	1.21	
2280	4117912	69	41179.12	0.69	
2281	4121823	56	41218.23	0.56	
2282	4127642	67	41276.42	0.67	
2283	4128530	115	41285.3	1.15	
2284	4129690	69	41296.9	0.69	
2285	4130562	81	41305.62	0.81	
2286	4132133	81	41321.33	0.81	
2287	4138345	74	41383.45	0.74	
2288	4141920	58	41419.2	0.58	
2289	4146045	64	41460.45	0.64	
2290	4146884	44	41468.84	0.44	
2291	4148836	81	41488.36	0.81	
2292	4149142	78	41491.42	0.78	
2293	4151306	75	41513.06	0.75	
2294	4151958	66	41519.58	0.66	
2295	4152356	100	41523.56	1	
2296	4157265	81	41572.65	0.81	
2297	4165116	77	41651.16	0.77	
2298	4172483	74	41724.83	0.74	
2299	4172796	59	41727.96	0.59	
2300	4174927	52	41749.27	0.52	
2301	4175593	158	41755.93	1.58	
2302	4176377	66	41763.77	0.66	
2303	4176673	76	41766.73	0.76	
2304	4177015	56	41770.15	0.56	
2305	4177216	75	41772.16	0.75	
2306	4177646	73	41776.46	0.73	
2307	4178256	51	41782.56	0.51	
2308	4180113	64	41801.13	0.64	
2309	4181621	68	41816.21	0.68	
2310	4182177	80	41821.77	0.8	
2311	4182800	81	41828	0.81	
2312	4183247	72	41832.47	0.72	
2313	4183594	62	41835.94	0.62	
2314	4184460	44	41844.6	0.44	
2315	4185280	53	41852.8	0.53	
2316	4185388	58	41853.88	0.58	
2317	4185748	116	41857.48	1.16	
2318	4186101	70	41861.01	0.7	
2319	4186724	61	41867.24	0.61	
2320	4186918	81	41869.18	0.81	
2321	4187529	86	41875.29	0.86	
2322	4188838	75	41888.38	0.75	
2323	4189329	83	41893.29	0.83	
2324	4190043	78	41900.43	0.78	
2325	4190757	94	41907.57	0.94	
2326	4191154	114	41911.54	1.14	
2327	4191360	69	41913.6	0.69	
2328	4191615	58	41916.15	0.58	
2329	4192840	89	41928.4	0.89	
2330	4193743	58	41937.43	0.58	
2331	4194140	139	41941.4	1.39	
2332	4194654	67	41946.54	0.67	
2333	4194832	47	41948.32	0.47	
2334	4194949	47	41949.49	0.47	
2335	4195118	56	41951.18	0.56	
2336	4195499	116	41954.99	1.16	
2337	4196213	75	41962.13	0.75	
2338	4196435	125	41964.35	1.25	
2339	4197160	61	41971.6	0.61	
2340	4197982	76	41979.82	0.76	
2341	4198403	66	41984.03	0.66	
2342	4198915	70	41989.15	0.7	
2343	4199381	75	41993.81	0.75	
2344	4200250	72	42002.5	0.72	
2345	4200760	62	42007.6	0.62	
2346	4200973	66	42009.73	0.66	
2347	4201419	96	42014.19	0.96	
2348	4202059	107	42020.59	1.07	
2349	4202787	63	42027.87	0.63	
2350	4203248	39	42032.48	0.39	
2351	4204409	80	42044.09	0.8	
2352	4204836	69	42048.36	0.69	
2353	4205085	69	42050.85	0.69	
2354	4205245	100	42052.45	1	
2355	4205648	89	42056.48	0.89	
2356	4206158	148	42061.58	1.48	
2357	4207318	68	42073.18	0.68	
2358	4207696	57	42076.96	0.57	
2359	4208219	80	42082.19	0.8	
2360	4208829	44	42088.29	0.44	
2361	4209192	55	42091.92	0.55	
2362	4211293	55	42112.93	0.55	
2363	4212075	91	42120.75	0.91	
2364	4213336	91	42133.36	0.91	
2365	4214401	69	42144.01	0.69	
2366	4214801	64	42148.01	0.64	
2367	4215312	97	42153.12	0.97	
2368	4215694	101	42156.94	1.01	
2369	4215907	64	42159.07	0.64	
2370	4216881	93	42168.81	0.93	
2371	4217175	82	42171.75	0.82	
2372	4221067	57	42210.67	0.57	
2373	4221530	68	42215.3	0.68	
2374	4221967	146	42219.67	1.46	
2375	4222528	154	42225.28	1.54	
2376	4223064	120	42230.64	1.2	
2377	4223401	162	42234.01	1.62	
2378	4223776	84	42237.76	0.84	
2379	4224202	140	42242.02	1.4	
2380	4224647	98	42246.47	0.98	
2381	4226646	108	42266.46	1.08	
2382	4228379	144	42283.79	1.44	
2383	4228872	128	42288.72	1.28	
2384	4229181	106	42291.81	1.06	
2385	4229990	117	42299.9	1.17	
2386	4231348	74	42313.48	0.74	
2387	4231895	89	42318.95	0.89	
2388	4235570	85	42355.7	0.85	
2389	4235936	81	42359.36	0.81	
2390	4236667	111	42366.67	1.11	
2391	4237113	62	42371.13	0.62	
2392	4239172	83	42391.72	0.83	
2393	4239551	80	42395.51	0.8	
2394	4240239	52	42402.39	0.52	
2395	4241917	46	42419.17	0.46	
2396	4243576	142	42435.76	1.42	
2397	4245315	69	42453.15	0.69	
2398	4259953	32	42599.53	0.32	
2399	4264073	79	42640.73	0.79	
2400	4265790	67	42657.9	0.67	
2401	4268519	93	42685.19	0.93	
2402	4269357	52	42693.57	0.52	
2403	4270397	85	42703.97	0.85	
2404	4272296	75	42722.96	0.75	
2405	4273034	67	42730.34	0.67	
2406	4273330	42	42733.3	0.42	
2407	4276692	66	42766.92	0.66	
2408	4278744	57	42787.44	0.57	
2409	4280285	89	42802.85	0.89	
2410	4280767	68	42807.67	0.68	
2411	4281218	105	42812.18	1.05	
2412	4282212	50	42822.12	0.5	
2413	4282537	91	42825.37	0.91	
2414	4283543	79	42835.43	0.79	
2415	4283820	103	42838.2	1.03	
2416	4284251	36	42842.51	0.36	
2417	4284687	36	42846.87	0.36	
2418	4284752	123	42847.52	1.23	
2419	4285126	144	42851.26	1.44	
2420	4285951	58	42859.51	0.58	
2421	4288189	36	42881.89	0.36	
2422	4290182	153	42901.82	1.53	
2423	4290595	201	42905.95	2.01	
2424	4291630	103	42916.3	1.03	
2425	4294063	84	42940.63	0.84	
2426	4295952	196	42959.52	1.96	
2427	4297091	82	42970.91	0.82	
2428	4300212	116	43002.12	1.16	
2429	4300617	121	43006.17	1.21	
2430	4302138	89	43021.38	0.89	
2431	4305999	93	43059.99	0.93	
2432	4306623	86	43066.23	0.86	
2433	4307045	74	43070.45	0.74	
2434	4316941	86	43169.41	0.86	
2435	4318863	96	43188.63	0.96	
2436	4320183	79	43201.83	0.79	
2437	4320634	79	43206.34	0.79	
2438	4321187	86	43211.87	0.86	
2439	4321584	54	43215.84	0.54	
2440	4321880	64	43218.8	0.64	
2441	4322139	69	43221.39	0.69	
2442	4323195	81	43231.95	0.81	
2443	4324034	39	43240.34	0.39	
2444	4325007	95	43250.07	0.95	
2445	4331113	67	43311.13	0.67	
2446	4332307	94	43323.07	0.94	
2447	4332653	84	43326.53	0.84	
2448	4333004	62	43330.04	0.62	
2449	4333322	116	43333.22	1.16	
2450	4334805	61	43348.05	0.61	
2451	4335108	72	43351.08	0.72	
2452	4335636	64	43356.36	0.64	
2453	4336063	72	43360.63	0.72	
2454	4337779	76	43377.79	0.76	
2455	4340768	57	43407.68	0.57	
2456	4346736	66	43467.36	0.66	
2457	4347114	30	43471.14	0.3	
2458	4370942	38	43709.42	0.38	
2459	4377887	76	43778.87	0.76	
2460	4379336	50	43793.36	0.5	
2461	4379942	32	43799.42	0.32	
2462	4382253	116	43822.53	1.16	
2463	4382772	147	43827.72	1.47	
2464	4383640	163	43836.4	1.63	
2465	4384158	141	43841.58	1.41	
2466	4384816	105	43848.16	1.05	
2467	4385277	84	43852.77	0.84	
2468	4386693	55	43866.93	0.55	
2469	4387025	77	43870.25	0.77	
2470	4387170	120	43871.7	1.2	
2471	4387507	46	43875.07	0.46	
2472	4389119	92	43891.19	0.92	
2473	4389331	46	43893.31	0.46	
2474	4390951	92	43909.51	0.92	
2475	4391710	71	43917.1	0.71	
2476	4392475	80	43924.75	0.8	
2477	4393116	75	43931.16	0.75	
2478	4395449	77	43954.49	0.77	
2479	4395747	122	43957.47	1.22	
2480	4396285	116	43962.85	1.16	
2481	4396739	91	43967.39	0.91	
2482	4397247	99	43972.47	0.99	
2483	4398229	116	43982.29	1.16	
2484	4398910	44	43989.1	0.44	
2485	4399018	64	43990.18	0.64	
2486	4399860	52	43998.6	0.52	
2487	4402154	86	44021.54	0.86	
2488	4403642	49	44036.42	0.49	
2489	4403723	62	44037.23	0.62	
2490	4403913	69	44039.13	0.69	
2491	4405564	39	44055.64	0.39	
2492	4406386	79	44063.86	0.79	
2493	4409718	64	44097.18	0.64	
2494	4410084	89	44100.84	0.89	
2495	4410676	72	44106.76	0.72	
2496	4412862	81	44128.62	0.81	
2497	4413570	47	44135.7	0.47	
2498	4414756	77	44147.56	0.77	
2499	4415020	67	44150.2	0.67	
2500	4418459	32	44184.59	0.32	
2501	4418791	114	44187.91	1.14	
2502	4419197	84	44191.97	0.84	
2503	4419334	131	44193.34	1.31	
2504	4419910	74	44199.1	0.74	
2505	4421066	74	44210.66	0.74	
2506	4421445	135	44214.45	1.35	
2507	4421935	62	44219.35	0.62	
2508	4426310	51	44263.1	0.51	
2509	4426716	65	44267.16	0.65	
2510	4427267	59	44272.67	0.59	
2511	4428541	118	44285.41	1.18	
2512	4428900	94	44289	0.94	
2513	4430492	54	44304.92	0.54	
2514	4431625	101	44316.25	1.01	
2515	4435816	64	44358.16	0.64	
2516	4436319	142	44363.19	1.42	
2517	4436679	152	44366.79	1.52	
2518	4437037	93	44370.37	0.93	
2519	4437678	97	44376.78	0.97	
2520	4438084	92	44380.84	0.92	
2521	4438411	56	44384.11	0.56	
2522	4438747	53	44387.47	0.53	
2523	4442393	64	44423.93	0.64	
2524	4443448	75	44434.48	0.75	
2525	4445587	89	44455.87	0.89	
2526	4445937	92	44459.37	0.92	
2527	4447362	100	44473.62	1	
2528	4447912	128	44479.12	1.28	
2529	4448548	69	44485.48	0.69	
2530	4448651	75	44486.51	0.75	
2531	4449171	97	44491.71	0.97	
2532	4450944	77	44509.44	0.77	
2533	4451528	49	44515.28	0.49	
2534	4453588	80	44535.88	0.8	
2535	4454402	76	44544.02	0.76	
2536	4454995	126	44549.95	1.26	
2537	4455538	135	44555.38	1.35	
2538	4457013	123	44570.13	1.23	
2539	4459537	81	44595.37	0.81	
2540	4460946	62	44609.46	0.62	
2541	4461264	84	44612.64	0.84	
2542	4462666	92	44626.66	0.92	
2543	4464879	140	44648.79	1.4	
2544	4465850	137	44658.5	1.37	
2545	4467914	81	44679.14	0.81	
2546	4468428	72	44684.28	0.72	
2547	4469301	124	44693.01	1.24	
2548	4474899	44	44748.99	0.44	
2549	4477418	96	44774.18	0.96	
2550	4477959	54	44779.59	0.54	
2551	4480557	116	44805.57	1.16	
2552	4520255	53	45202.55	0.53	
2553	4520622	144	45206.22	1.44	
2554	4520894	61	45208.94	0.61	
2555	4521500	97	45215	0.97	
2556	4523794	108	45237.94	1.08	
2557	4524780	50	45247.8	0.5	
2558	4532336	93	45323.36	0.93	
2559	4532832	62	45328.32	0.62	
2560	4532940	113	45329.4	1.13	
2561	4533129	81	45331.29	0.81	
2562	4533416	77	45334.16	0.77	
2563	4533647	63	45336.47	0.63	
2564	4535218	84	45352.18	0.84	
2565	4535794	63	45357.94	0.63	
2566	4536405	103	45364.05	1.03	
2567	4536842	121	45368.42	1.21	
2568	4537054	59	45370.54	0.59	
2569	4537358	80	45373.58	0.8	
2570	4537440	105	45374.4	1.05	
2571	4538287	153	45382.87	1.53	
2572	4538721	217	45387.21	2.17	
2573	4539205	181	45392.05	1.81	
2574	4539900	199	45399	1.99	
2575	4540944	99	45409.44	0.99	
2576	4542161	114	45421.61	1.14	
2577	4542788	107	45427.88	1.07	
2578	4543576	111	45435.76	1.11	
2579	4543995	89	45439.95	0.89	
2580	4544356	138	45443.56	1.38	
2581	4545000	67	45450	0.67	
2582	4545456	123	45454.56	1.23	
2583	4551723	86	45517.23	0.86	
2584	4551868	59	45518.68	0.59	
2585	4552233	121	45522.33	1.21	
2586	4552768	67	45527.68	0.67	
2587	4553474	89	45534.74	0.89	
2588	4554052	99	45540.52	0.99	
2589	4557780	107	45577.8	1.07	
2590	4570148	44	45701.48	0.44	
2591	4570700	57	45707	0.57	
2592	4589639	79	45896.39	0.79	
2593	4595678	62	45956.78	0.62	
2594	4597309	65	45973.09	0.65	
2595	4598234	153	45982.34	1.53	
2596	4598656	52	45986.56	0.52	
2597	4599548	82	45995.48	0.82	
2598	4600059	52	46000.59	0.52	
2599	4603588	60	46035.88	0.6	
2600	4604209	82	46042.09	0.82	
2601	4604797	59	46047.97	0.59	
2602	4606363	94	46063.63	0.94	
2603	4606695	124	46066.95	1.24	
2604	4608545	121	46085.45	1.21	
2605	4609329	114	46093.29	1.14	
2606	4610347	64	46103.47	0.64	
2607	4610655	71	46106.55	0.71	
2608	4611064	108	46110.64	1.08	
2609	4613155	73	46131.55	0.73	
2610	4616822	72	46168.22	0.72	
2611	4619351	115	46193.51	1.15	
2612	4621465	84	46214.65	0.84	
2613	4623185	69	46231.85	0.69	
