eventNum	startSamples	durationSamples	startSec	durationSec	
1	1441	57	14.41	0.57	
2	2147	69	21.47	0.69	
3	3878	106	38.78	1.06	
4	5001	55	50.01	0.55	
5	5808	79	58.08	0.79	
6	6729	62	67.29	0.62	
7	6910	37	69.1	0.37	
8	7985	121	79.85	1.21	
9	8707	72	87.07	0.72	
10	9027	37	90.27	0.37	
11	9087	54	90.87	0.54	
12	9380	96	93.8	0.96	
13	9982	125	99.82	1.25	
14	11730	58	117.3	0.58	
15	12088	231	120.88	2.31	
16	12884	51	128.84	0.51	
17	13269	55	132.69	0.55	
18	13900	60	139	0.6	
19	14454	53	144.54	0.53	
20	15203	94	152.03	0.94	
21	15715	36	157.15	0.36	
22	15768	130	157.68	1.3	
23	16149	49	161.49	0.49	
24	17224	130	172.24	1.3	
25	18084	59	180.84	0.59	
26	19838	73	198.38	0.73	
27	20112	91	201.12	0.91	
28	20243	62	202.43	0.62	
29	20698	92	206.98	0.92	
30	21167	32	211.67	0.32	
31	21227	55	212.27	0.55	
32	21580	39	215.8	0.39	
33	23309	150	233.09	1.5	
34	23656	129	236.56	1.29	
35	24284	67	242.84	0.67	
36	24534	76	245.34	0.76	
37	25119	64	251.19	0.64	
38	25267	59	252.67	0.59	
39	26750	94	267.5	0.94	
40	27848	112	278.48	1.12	
41	28083	73	280.83	0.73	
42	29817	108	298.17	1.08	
43	30352	57	303.52	0.57	
44	30903	69	309.03	0.69	
45	31218	88	312.18	0.88	
46	31661	40	316.61	0.4	
47	31721	84	317.21	0.84	
48	32002	32	320.02	0.32	
49	32561	119	325.61	1.19	
50	32740	97	327.4	0.97	
51	33443	150	334.43	1.5	
52	34137	53	341.37	0.53	
53	35855	53	358.55	0.53	
54	36033	46	360.33	0.46	
55	36917	46	369.17	0.46	
56	37453	60	374.53	0.6	
57	37940	41	379.4	0.41	
58	38109	69	381.09	0.69	
59	39045	48	390.45	0.48	
60	39775	75	397.75	0.75	
61	40551	44	405.51	0.44	
62	41049	133	410.49	1.33	
63	41449	68	414.49	0.68	
64	41604	35	416.04	0.35	
65	42004	57	420.04	0.57	
66	42765	40	427.65	0.4	
67	43934	61	439.34	0.61	
68	44491	60	444.91	0.6	
69	46191	72	461.91	0.72	
70	47399	72	473.99	0.72	
71	49171	73	491.71	0.73	
72	49381	135	493.81	1.35	
73	50126	108	501.26	1.08	
74	50608	127	506.08	1.27	
75	53241	86	532.41	0.86	
76	53635	39	536.35	0.39	
77	54591	88	545.91	0.88	
78	55702	62	557.02	0.62	
79	56819	86	568.19	0.86	
80	57078	69	570.78	0.69	
81	58365	131	583.65	1.31	
82	58874	94	588.74	0.94	
83	59292	140	592.92	1.4	
84	60578	157	605.78	1.57	
85	61314	210	613.14	2.1	
86	63430	124	634.3	1.24	
87	63706	117	637.06	1.17	
88	63920	102	639.2	1.02	
89	64542	89	645.42	0.89	
90	64825	79	648.25	0.79	
91	65399	115	653.99	1.15	
92	65637	73	656.37	0.73	
93	66639	56	666.39	0.56	
94	67242	136	672.42	1.36	
95	67750	103	677.5	1.03	
96	67923	64	679.23	0.64	
97	68694	98	686.94	0.98	
98	69336	136	693.36	1.36	
99	70788	139	707.88	1.39	
100	71387	52	713.87	0.52	
101	72797	32	727.97	0.32	
102	72998	71	729.98	0.71	
103	73447	62	734.47	0.62	
104	73533	32	735.33	0.32	
105	73719	37	737.19	0.37	
106	74372	54	743.72	0.54	
107	75041	104	750.41	1.04	
108	75315	66	753.15	0.66	
109	75862	139	758.62	1.39	
110	76018	144	760.18	1.44	
111	76310	83	763.1	0.83	
112	76674	101	766.74	1.01	
113	77067	91	770.67	0.91	
114	77683	151	776.83	1.51	
115	78203	59	782.03	0.59	
116	79470	34	794.7	0.34	
117	79837	32	798.37	0.32	
118	80372	72	803.72	0.72	
119	80595	91	805.95	0.91	
120	81054	185	810.54	1.85	
121	81379	175	813.79	1.75	
122	81826	73	818.26	0.73	
123	82104	118	821.04	1.18	
124	82583	164	825.83	1.64	
125	83128	89	831.28	0.89	
126	85078	67	850.78	0.67	
127	85358	88	853.58	0.88	
128	85485	67	854.85	0.67	
129	85967	59	859.67	0.59	
130	86345	96	863.45	0.96	
131	86795	135	867.95	1.35	
132	87802	95	878.02	0.95	
133	88110	75	881.1	0.75	
134	88401	74	884.01	0.74	
135	88846	62	888.46	0.62	
136	89321	91	893.21	0.91	
137	89508	83	895.08	0.83	
138	90440	57	904.4	0.57	
139	90867	152	908.67	1.52	
140	91370	82	913.7	0.82	
141	91672	132	916.72	1.32	
142	92121	171	921.21	1.71	
143	93471	135	934.71	1.35	
144	93947	99	939.47	0.99	
145	94338	116	943.38	1.16	
146	95051	67	950.51	0.67	
147	95322	116	953.22	1.16	
148	95943	203	959.43	2.03	
149	96263	64	962.63	0.64	
150	96600	137	966	1.37	
151	96911	71	969.11	0.71	
152	97050	100	970.5	1	
153	97565	77	975.65	0.77	
154	97939	96	979.39	0.96	
155	98364	93	983.64	0.93	
156	98596	65	985.96	0.65	
157	98789	194	987.89	1.94	
158	99278	116	992.78	1.16	
159	100702	74	1007.02	0.74	
160	101039	69	1010.39	0.69	
161	101742	92	1017.42	0.92	
162	102784	81	1027.84	0.81	
163	103020	72	1030.2	0.72	
164	103354	64	1033.54	0.64	
165	103702	242	1037.02	2.42	
166	104075	47	1040.75	0.47	
167	104267	195	1042.67	1.95	
168	104724	73	1047.24	0.73	
169	104810	65	1048.1	0.65	
170	105140	109	1051.4	1.09	
171	105533	125	1055.33	1.25	
172	106861	194	1068.61	1.94	
173	107549	117	1075.49	1.17	
174	107686	126	1076.86	1.26	
175	108025	64	1080.25	0.64	
176	109211	118	1092.11	1.18	
177	109916	92	1099.16	0.92	
178	110477	69	1104.77	0.69	
179	110941	113	1109.41	1.13	
180	112412	73	1124.12	0.73	
181	114420	82	1144.2	0.82	
182	114868	129	1148.68	1.29	
183	115198	57	1151.98	0.57	
184	121470	132	1214.7	1.32	
185	122989	84	1229.89	0.84	
186	124448	51	1244.48	0.51	
187	126181	63	1261.81	0.63	
188	127931	156	1279.31	1.56	
189	128535	91	1285.35	0.91	
190	128841	50	1288.41	0.5	
191	129971	53	1299.71	0.53	
192	130423	122	1304.23	1.22	
193	136981	93	1369.81	0.93	
194	137582	98	1375.82	0.98	
195	138143	39	1381.43	0.39	
196	138278	30	1382.78	0.3	
197	140660	37	1406.6	0.37	
198	148905	87	1489.05	0.87	
199	149518	93	1495.18	0.93	
200	150544	65	1505.44	0.65	
201	151124	81	1511.24	0.81	
202	151594	91	1515.94	0.91	
203	152804	59	1528.04	0.59	
204	153327	56	1533.27	0.56	
205	153473	96	1534.73	0.96	
206	154869	59	1548.69	0.59	
207	156456	58	1564.56	0.58	
208	157631	95	1576.31	0.95	
209	161604	94	1616.04	0.94	
210	164098	152	1640.98	1.52	
211	164562	93	1645.62	0.93	
212	165107	70	1651.07	0.7	
213	165193	72	1651.93	0.72	
214	166132	80	1661.32	0.8	
215	167679	32	1676.79	0.32	
216	168262	77	1682.62	0.77	
217	168604	60	1686.04	0.6	
218	169794	73	1697.94	0.73	
219	170165	100	1701.65	1	
220	170780	83	1707.8	0.83	
221	171265	102	1712.65	1.02	
222	173085	75	1730.85	0.75	
223	173724	51	1737.24	0.51	
224	174208	155	1742.08	1.55	
225	174845	44	1748.45	0.44	
226	177964	58	1779.64	0.58	
227	179166	60	1791.66	0.6	
228	181216	58	1812.16	0.58	
229	181304	30	1813.04	0.3	
230	182033	103	1820.33	1.03	
231	184668	86	1846.68	0.86	
232	187855	162	1878.55	1.62	
233	188423	101	1884.23	1.01	
234	193189	135	1931.89	1.35	
235	196976	72	1969.76	0.72	
236	199758	89	1997.58	0.89	
237	201071	79	2010.71	0.79	
238	201536	46	2015.36	0.46	
239	202432	30	2024.32	0.3	
240	205574	100	2055.74	1	
241	207027	93	2070.27	0.93	
242	207376	100	2073.76	1	
243	207760	57	2077.6	0.57	
244	208397	119	2083.97	1.19	
245	211541	109	2115.41	1.09	
246	212087	86	2120.87	0.86	
247	212501	76	2125.01	0.76	
248	213548	139	2135.48	1.39	
249	214750	96	2147.5	0.96	
250	215672	101	2156.72	1.01	
251	220094	105	2200.94	1.05	
252	220629	107	2206.29	1.07	
253	222068	65	2220.68	0.65	
254	222918	113	2229.18	1.13	
255	223198	62	2231.98	0.62	
256	224976	87	2249.76	0.87	
257	225398	103	2253.98	1.03	
258	228378	85	2283.78	0.85	
259	228761	92	2287.61	0.92	
260	230736	47	2307.36	0.47	
261	236169	78	2361.69	0.78	
262	236662	75	2366.62	0.75	
263	238929	60	2389.29	0.6	
264	243450	73	2434.5	0.73	
265	251528	70	2515.28	0.7	
266	255007	48	2550.07	0.48	
267	273522	55	2735.22	0.55	
268	283197	62	2831.97	0.62	
269	284845	62	2848.45	0.62	
270	303070	52	3030.7	0.52	
271	303178	61	3031.78	0.61	
272	303423	98	3034.23	0.98	
273	303970	33	3039.7	0.33	
274	307480	48	3074.8	0.48	
275	307785	45	3077.85	0.45	
276	309876	52	3098.76	0.52	
277	310411	44	3104.11	0.44	
278	326942	48	3269.42	0.48	
279	328936	52	3289.36	0.52	
280	333569	100	3335.69	1	
281	334035	81	3340.35	0.81	
282	334507	99	3345.07	0.99	
283	336107	130	3361.07	1.3	
284	338826	66	3388.26	0.66	
285	340928	82	3409.28	0.82	
286	346827	50	3468.27	0.5	
287	356143	51	3561.43	0.51	
288	357698	79	3576.98	0.79	
289	359806	63	3598.06	0.63	
290	360692	103	3606.92	1.03	
291	362014	50	3620.14	0.5	
292	362508	77	3625.08	0.77	
293	370870	78	3708.7	0.78	
294	374837	57	3748.37	0.57	
295	376117	59	3761.17	0.59	
296	380120	50	3801.2	0.5	
297	384226	94	3842.26	0.94	
298	384675	96	3846.75	0.96	
299	389712	106	3897.12	1.06	
300	390090	97	3900.9	0.97	
301	390940	57	3909.4	0.57	
302	391350	60	3913.5	0.6	
303	391775	62	3917.75	0.62	
304	391872	77	3918.72	0.77	
305	392406	66	3924.06	0.66	
306	392808	44	3928.08	0.44	
307	395237	91	3952.37	0.91	
308	396520	37	3965.2	0.37	
309	399382	39	3993.82	0.39	
310	401296	48	4012.96	0.48	
311	401678	71	4016.78	0.71	
312	402080	101	4020.8	1.01	
313	405736	117	4057.36	1.17	
314	406207	59	4062.07	0.59	
315	407335	94	4073.35	0.94	
316	407921	63	4079.21	0.63	
317	408418	86	4084.18	0.86	
318	408597	41	4085.97	0.41	
319	408830	46	4088.3	0.46	
320	409485	68	4094.85	0.68	
321	411874	71	4118.74	0.71	
322	412802	130	4128.02	1.3	
323	413990	46	4139.9	0.46	
324	414218	162	4142.18	1.62	
325	415648	47	4156.48	0.47	
326	419488	92	4194.88	0.92	
327	421340	112	4213.4	1.12	
328	422154	209	4221.54	2.09	
329	425267	123	4252.67	1.23	
330	428033	55	4280.33	0.55	
331	428864	57	4288.64	0.57	
332	430340	130	4303.4	1.3	
333	430641	161	4306.41	1.61	
334	430871	83	4308.71	0.83	
335	431535	39	4315.35	0.39	
336	432149	36	4321.49	0.36	
337	432189	60	4321.89	0.6	
338	432342	55	4323.42	0.55	
339	432545	82	4325.45	0.82	
340	434336	38	4343.36	0.38	
341	438700	46	4387	0.46	
342	439550	73	4395.5	0.73	
343	442048	44	4420.48	0.44	
344	443445	103	4434.45	1.03	
345	444771	50	4447.71	0.5	
346	448695	64	4486.95	0.64	
347	450521	60	4505.21	0.6	
348	450683	132	4506.83	1.32	
349	451080	78	4510.8	0.78	
350	455040	42	4550.4	0.42	
351	455746	74	4557.46	0.74	
352	456487	67	4564.87	0.67	
353	458393	68	4583.93	0.68	
354	458971	126	4589.71	1.26	
355	459714	62	4597.14	0.62	
356	575908	59	5759.08	0.59	
357	583110	54	5831.1	0.54	
358	587832	81	5878.32	0.81	
359	589586	64	5895.86	0.64	
360	590249	60	5902.49	0.6	
361	592210	68	5922.1	0.68	
362	593951	73	5939.51	0.73	
363	598318	44	5983.18	0.44	
364	599911	73	5999.11	0.73	
365	603597	95	6035.97	0.95	
366	604281	86	6042.81	0.86	
367	606656	55	6066.56	0.55	
368	607695	68	6076.95	0.68	
369	608991	62	6089.91	0.62	
370	610671	30	6106.71	0.3	
371	613194	80	6131.94	0.8	
372	613718	32	6137.18	0.32	
373	614065	53	6140.65	0.53	
374	616427	109	6164.27	1.09	
375	617474	118	6174.74	1.18	
376	618274	98	6182.74	0.98	
377	619360	87	6193.6	0.87	
378	619720	37	6197.2	0.37	
379	620432	44	6204.32	0.44	
380	620585	107	6205.85	1.07	
381	621284	126	6212.84	1.26	
382	622655	64	6226.55	0.64	
383	625168	78	6251.68	0.78	
384	626808	94	6268.08	0.94	
385	627425	87	6274.25	0.87	
386	627789	33	6277.89	0.33	
387	629295	53	6292.95	0.53	
388	630026	60	6300.26	0.6	
389	633498	62	6334.98	0.62	
390	633706	70	6337.06	0.7	
391	634206	100	6342.06	1	
392	634695	69	6346.95	0.69	
393	635199	86	6351.99	0.86	
394	636492	55	6364.92	0.55	
395	636879	53	6368.79	0.53	
396	639360	78	6393.6	0.78	
397	639948	68	6399.48	0.68	
398	641134	39	6411.34	0.39	
399	643428	43	6434.28	0.43	
400	644475	30	6444.75	0.3	
401	645231	44	6452.31	0.44	
402	646214	63	6462.14	0.63	
403	647388	76	6473.88	0.76	
404	648521	108	6485.21	1.08	
405	649465	89	6494.65	0.89	
406	651142	106	6511.42	1.06	
407	651549	78	6515.49	0.78	
408	653101	76	6531.01	0.76	
409	653708	71	6537.08	0.71	
410	655427	81	6554.27	0.81	
411	655562	60	6555.62	0.6	
412	656419	81	6564.19	0.81	
413	657779	97	6577.79	0.97	
414	658468	73	6584.68	0.73	
415	658740	63	6587.4	0.63	
416	658982	78	6589.82	0.78	
417	659309	64	6593.09	0.64	
418	659677	73	6596.77	0.73	
419	660105	145	6601.05	1.45	
420	661450	56	6614.5	0.56	
421	662002	96	6620.02	0.96	
422	662154	112	6621.54	1.12	
423	662689	90	6626.89	0.9	
424	665179	78	6651.79	0.78	
425	667123	126	6671.23	1.26	
426	677778	67	6777.78	0.67	
427	680921	56	6809.21	0.56	
428	683209	53	6832.09	0.53	
429	683668	57	6836.68	0.57	
430	683986	62	6839.86	0.62	
431	684303	68	6843.03	0.68	
432	684707	98	6847.07	0.98	
433	685653	78	6856.53	0.78	
434	688223	60	6882.23	0.6	
435	689336	57	6893.36	0.57	
436	689463	54	6894.63	0.54	
437	689827	55	6898.27	0.55	
438	700322	132	7003.22	1.32	
439	701786	52	7017.86	0.52	
440	703832	53	7038.32	0.53	
441	705202	66	7052.02	0.66	
442	707173	62	7071.73	0.62	
443	710743	69	7107.43	0.69	
444	711314	76	7113.14	0.76	
445	715772	43	7157.72	0.43	
446	716430	97	7164.3	0.97	
447	721716	64	7217.16	0.64	
448	724405	76	7244.05	0.76	
449	726107	80	7261.07	0.8	
450	727906	84	7279.06	0.84	
451	728925	102	7289.25	1.02	
452	729706	130	7297.06	1.3	
453	730179	53	7301.79	0.53	
454	730952	106	7309.52	1.06	
455	731323	98	7313.23	0.98	
456	732235	86	7322.35	0.86	
457	732712	66	7327.12	0.66	
458	733868	73	7338.68	0.73	
459	736829	43	7368.29	0.43	
460	737262	82	7372.62	0.82	
461	737895	32	7378.95	0.32	
462	738650	37	7386.5	0.37	
463	739046	40	7390.46	0.4	
464	741461	76	7414.61	0.76	
465	742009	43	7420.09	0.43	
466	742618	47	7426.18	0.47	
467	743201	66	7432.01	0.66	
468	744157	43	7441.57	0.43	
469	746478	47	7464.78	0.47	
470	746885	46	7468.85	0.46	
471	752128	103	7521.28	1.03	
472	752699	124	7526.99	1.24	
473	754346	61	7543.46	0.61	
474	757884	72	7578.84	0.72	
475	761257	102	7612.57	1.02	
476	761723	128	7617.23	1.28	
477	762150	92	7621.5	0.92	
478	763154	113	7631.54	1.13	
479	766048	97	7660.48	0.97	
480	766561	157	7665.61	1.57	
481	767145	153	7671.45	1.53	
482	768492	123	7684.92	1.23	
483	769659	64	7696.59	0.64	
484	772190	73	7721.9	0.73	
485	772908	92	7729.08	0.92	
486	773172	42	7731.72	0.42	
487	773364	82	7733.64	0.82	
488	774697	121	7746.97	1.21	
489	775375	159	7753.75	1.59	
490	776531	37	7765.31	0.37	
491	776707	94	7767.07	0.94	
492	777553	90	7775.53	0.9	
493	780210	90	7802.1	0.9	
494	780921	53	7809.21	0.53	
495	783666	111	7836.66	1.11	
496	786080	92	7860.8	0.92	
497	786651	40	7866.51	0.4	
498	787174	69	7871.74	0.69	
499	787719	71	7877.19	0.71	
500	789172	106	7891.72	1.06	
501	789753	66	7897.53	0.66	
502	790938	60	7909.38	0.6	
503	791919	56	7919.19	0.56	
504	792752	53	7927.52	0.53	
505	793196	158	7931.96	1.58	
506	794342	145	7943.42	1.45	
507	794720	44	7947.2	0.44	
508	796064	69	7960.64	0.69	
509	796711	50	7967.11	0.5	
510	796802	32	7968.02	0.32	
511	798007	107	7980.07	1.07	
512	798603	159	7986.03	1.59	
513	799181	100	7991.81	1	
514	806010	66	8060.1	0.66	
515	809304	124	8093.04	1.24	
516	811130	66	8111.3	0.66	
517	816187	68	8161.87	0.68	
518	816657	44	8166.57	0.44	
519	818517	60	8185.17	0.6	
520	824280	64	8242.8	0.64	
521	835589	56	8355.89	0.56	
522	848445	99	8484.45	0.99	
523	852961	123	8529.61	1.23	
524	855963	60	8559.63	0.6	
525	857917	80	8579.17	0.8	
526	862843	80	8628.43	0.8	
527	863716	54	8637.16	0.54	
528	869174	57	8691.74	0.57	
529	870034	106	8700.34	1.06	
530	873040	51	8730.4	0.51	
531	874151	63	8741.51	0.63	
532	877332	44	8773.32	0.44	
533	877737	60	8777.37	0.6	
534	878004	48	8780.04	0.48	
535	878290	63	8782.9	0.63	
536	879088	66	8790.88	0.66	
537	880119	61	8801.19	0.61	
538	880515	42	8805.15	0.42	
539	880912	49	8809.12	0.49	
540	881465	34	8814.65	0.34	
541	882977	140	8829.77	1.4	
542	884588	39	8845.88	0.39	
543	884862	112	8848.62	1.12	
544	885470	84	8854.7	0.84	
545	886428	59	8864.28	0.59	
546	890400	37	8904	0.37	
547	896189	64	8961.89	0.64	
548	896546	80	8965.46	0.8	
549	902560	62	9025.6	0.62	
550	903320	94	9033.2	0.94	
551	903805	95	9038.05	0.95	
552	908953	56	9089.53	0.56	
553	909889	57	9098.89	0.57	
554	911415	52	9114.15	0.52	
555	914842	59	9148.42	0.59	
556	917055	48	9170.55	0.48	
557	922480	42	9224.8	0.42	
558	929095	76	9290.95	0.76	
559	936135	128	9361.35	1.28	
560	936994	47	9369.94	0.47	
561	937064	55	9370.64	0.55	
562	937576	104	9375.76	1.04	
563	938264	46	9382.64	0.46	
564	939130	63	9391.3	0.63	
565	939963	39	9399.63	0.39	
566	940215	59	9402.15	0.59	
567	944491	44	9444.91	0.44	
568	945044	36	9450.44	0.36	
569	945701	69	9457.01	0.69	
570	946329	128	9463.29	1.28	
571	947307	140	9473.07	1.4	
572	950174	170	9501.74	1.7	
573	950864	39	9508.64	0.39	
574	950937	247	9509.37	2.47	
575	951364	114	9513.64	1.14	
576	951608	37	9516.08	0.37	
577	951810	154	9518.1	1.54	
578	952150	177	9521.5	1.77	
579	952494	67	9524.94	0.67	
580	952803	52	9528.03	0.52	
581	953011	59	9530.11	0.59	
582	953177	48	9531.77	0.48	
583	953475	71	9534.75	0.71	
584	953779	46	9537.79	0.46	
585	954547	36	9545.47	0.36	
586	954792	91	9547.92	0.91	
587	959260	42	9592.6	0.42	
588	959641	126	9596.41	1.26	
589	963400	204	9634	2.04	
590	965710	207	9657.1	2.07	
591	973171	59	9731.71	0.59	
592	996862	66	9968.62	0.66	
593	1000079	55	10000.79	0.55	
594	1000462	78	10004.62	0.78	
595	1002213	54	10022.13	0.54	
596	1002745	62	10027.45	0.62	
597	1003610	133	10036.1	1.33	
598	1006679	75	10066.79	0.75	
599	1007533	55	10075.33	0.55	
600	1011499	77	10114.99	0.77	
601	1013780	85	10137.8	0.85	
602	1015434	53	10154.34	0.53	
603	1018355	56	10183.55	0.56	
604	1019056	65	10190.56	0.65	
605	1028144	77	10281.44	0.77	
606	1150115	80	11501.15	0.8	
607	1151095	99	11510.95	0.99	
608	1154454	56	11544.54	0.56	
609	1155227	129	11552.27	1.29	
610	1160373	166	11603.73	1.66	
611	1165106	56	11651.06	0.56	
612	1165450	64	11654.5	0.64	
613	1166082	66	11660.82	0.66	
614	1170343	64	11703.43	0.64	
615	1173850	92	11738.5	0.92	
616	1193253	67	11932.53	0.67	
617	1196114	62	11961.14	0.62	
618	1200373	85	12003.73	0.85	
619	1201286	71	12012.86	0.71	
620	1203500	107	12035	1.07	
621	1204009	52	12040.09	0.52	
622	1204886	61	12048.86	0.61	
623	1205571	103	12055.71	1.03	
624	1206583	42	12065.83	0.42	
625	1208429	135	12084.29	1.35	
626	1208853	71	12088.53	0.71	
627	1209713	65	12097.13	0.65	
628	1214921	83	12149.21	0.83	
629	1216367	56	12163.67	0.56	
630	1217841	81	12178.41	0.81	
631	1227566	94	12275.66	0.94	
632	1232241	120	12322.41	1.2	
633	1234581	51	12345.81	0.51	
634	1236308	54	12363.08	0.54	
635	1237719	74	12377.19	0.74	
636	1239273	67	12392.73	0.67	
637	1240044	41	12400.44	0.41	
638	1241231	50	12412.31	0.5	
639	1241700	109	12417	1.09	
640	1241829	41	12418.29	0.41	
641	1242331	89	12423.31	0.89	
642	1243512	80	12435.12	0.8	
643	1246169	73	12461.69	0.73	
644	1247832	60	12478.32	0.6	
645	1258088	37	12580.88	0.37	
646	1259831	32	12598.31	0.32	
647	1260580	34	12605.8	0.34	
648	1264242	37	12642.42	0.37	
649	1272501	32	12725.01	0.32	
650	1273063	57	12730.63	0.57	
651	1273166	34	12731.66	0.34	
652	1273435	35	12734.35	0.35	
653	1277401	86	12774.01	0.86	
654	1279125	68	12791.25	0.68	
655	1279555	48	12795.55	0.48	
656	1280093	49	12800.93	0.49	
657	1280834	53	12808.34	0.53	
658	1281258	92	12812.58	0.92	
659	1282168	94	12821.68	0.94	
660	1283801	75	12838.01	0.75	
661	1285738	50	12857.38	0.5	
662	1286368	100	12863.68	1	
663	1293594	58	12935.94	0.58	
664	1294809	91	12948.09	0.91	
665	1295190	73	12951.9	0.73	
666	1297470	43	12974.7	0.43	
667	1298119	41	12981.19	0.41	
668	1299321	54	12993.21	0.54	
669	1300944	115	13009.44	1.15	
670	1301365	80	13013.65	0.8	
671	1301575	40	13015.75	0.4	
672	1304673	133	13046.73	1.33	
673	1306514	81	13065.14	0.81	
674	1306853	66	13068.53	0.66	
675	1308252	40	13082.52	0.4	
676	1317082	54	13170.82	0.54	
677	1319560	65	13195.6	0.65	
678	1320709	46	13207.09	0.46	
679	1333567	43	13335.67	0.43	
680	1334435	114	13344.35	1.14	
681	1335303	78	13353.03	0.78	
682	1336494	109	13364.94	1.09	
683	1337252	80	13372.52	0.8	
684	1338990	63	13389.9	0.63	
685	1339458	73	13394.58	0.73	
686	1340077	133	13400.77	1.33	
687	1342018	73	13420.18	0.73	
688	1344705	115	13447.05	1.15	
689	1345028	111	13450.28	1.11	
690	1345308	44	13453.08	0.44	
691	1345401	50	13454.01	0.5	
692	1346312	64	13463.12	0.64	
693	1349932	110	13499.32	1.1	
694	1353376	106	13533.76	1.06	
695	1354924	60	13549.24	0.6	
696	1357756	117	13577.56	1.17	
697	1358152	82	13581.52	0.82	
698	1359730	75	13597.3	0.75	
699	1360153	57	13601.53	0.57	
700	1363289	60	13632.89	0.6	
701	1364558	120	13645.58	1.2	
702	1364934	110	13649.34	1.1	
703	1366176	47	13661.76	0.47	
704	1368739	85	13687.39	0.85	
705	1371733	96	13717.33	0.96	
706	1374481	87	13744.81	0.87	
707	1374774	47	13747.74	0.47	
708	1374883	101	13748.83	1.01	
709	1375797	114	13757.97	1.14	
710	1379149	59	13791.49	0.59	
711	1380056	64	13800.56	0.64	
712	1391318	84	13913.18	0.84	
713	1396755	51	13967.55	0.51	
714	1399626	83	13996.26	0.83	
715	1400750	73	14007.5	0.73	
716	1405686	66	14056.86	0.66	
717	1419490	83	14194.9	0.83	
718	1426672	71	14266.72	0.71	
719	1429650	71	14296.5	0.71	
720	1434735	36	14347.35	0.36	
721	1437748	74	14377.48	0.74	
722	1438876	101	14388.76	1.01	
723	1440354	50	14403.54	0.5	
724	1441677	66	14416.77	0.66	
725	1448102	80	14481.02	0.8	
726	1462518	57	14625.18	0.57	
727	1490400	95	14904	0.95	
728	1495144	65	14951.44	0.65	
729	1495494	55	14954.94	0.55	
730	1495860	43	14958.6	0.43	
731	1496964	57	14969.64	0.57	
732	1498466	60	14984.66	0.6	
733	1502999	64	15029.99	0.64	
734	1503316	53	15033.16	0.53	
735	1503526	68	15035.26	0.68	
736	1507370	99	15073.7	0.99	
737	1508147	64	15081.47	0.64	
738	1508837	73	15088.37	0.73	
739	1509844	68	15098.44	0.68	
740	1515334	64	15153.34	0.64	
741	1515421	59	15154.21	0.59	
742	1515786	40	15157.86	0.4	
743	1517912	63	15179.12	0.63	
744	1520347	62	15203.47	0.62	
745	1526145	77	15261.45	0.77	
746	1528219	44	15282.19	0.44	
747	1534057	62	15340.57	0.62	
748	1536049	57	15360.49	0.57	
749	1538043	87	15380.43	0.87	
750	1538640	37	15386.4	0.37	
751	1539118	53	15391.18	0.53	
752	1539498	229	15394.98	2.29	
753	1543528	54	15435.28	0.54	
754	1545093	38	15450.93	0.38	
755	1545501	42	15455.01	0.42	
756	1546006	47	15460.06	0.47	
757	1546492	60	15464.92	0.6	
758	1547809	73	15478.09	0.73	
759	1547897	72	15478.97	0.72	
760	1548365	87	15483.65	0.87	
761	1551676	99	15516.76	0.99	
762	1552098	133	15520.98	1.33	
763	1554706	41	15547.06	0.41	
764	1554809	52	15548.09	0.52	
765	1555040	51	15550.4	0.51	
766	1555389	58	15553.89	0.58	
767	1556396	44	15563.96	0.44	
768	1557506	134	15575.06	1.34	
769	1558482	55	15584.82	0.55	
770	1559307	52	15593.07	0.52	
771	1559804	83	15598.04	0.83	
772	1560074	53	15600.74	0.53	
773	1560513	44	15605.13	0.44	
774	1562321	72	15623.21	0.72	
775	1562773	60	15627.73	0.6	
776	1563293	62	15632.93	0.62	
777	1564249	80	15642.49	0.8	
778	1564950	117	15649.5	1.17	
779	1565792	68	15657.92	0.68	
780	1566294	100	15662.94	1	
781	1568300	43	15683	0.43	
782	1569633	116	15696.33	1.16	
783	1570808	107	15708.08	1.07	
784	1572009	89	15720.09	0.89	
785	1573980	94	15739.8	0.94	
786	1576385	79	15763.85	0.79	
787	1576937	111	15769.37	1.11	
788	1577903	95	15779.03	0.95	
789	1578560	46	15785.6	0.46	
790	1580647	135	15806.47	1.35	
791	1583754	52	15837.54	0.52	
792	1583850	53	15838.5	0.53	
793	1585509	36	15855.09	0.36	
794	1586112	71	15861.12	0.71	
795	1586813	75	15868.13	0.75	
796	1588454	52	15884.54	0.52	
797	1589862	53	15898.62	0.53	
798	1594177	76	15941.77	0.76	
799	1598047	64	15980.47	0.64	
800	1601728	57	16017.28	0.57	
801	1602076	35	16020.76	0.35	
802	1605409	30	16054.09	0.3	
803	1610685	52	16106.85	0.52	
804	1610966	48	16109.66	0.48	
805	1611382	34	16113.82	0.34	
806	1611576	108	16115.76	1.08	
807	1612168	105	16121.68	1.05	
808	1612405	106	16124.05	1.06	
809	1612903	137	16129.03	1.37	
810	1617304	79	16173.04	0.79	
811	1618580	109	16185.8	1.09	
812	1619185	63	16191.85	0.63	
813	1619388	49	16193.88	0.49	
814	1619493	57	16194.93	0.57	
815	1619886	30	16198.86	0.3	
816	1620914	50	16209.14	0.5	
817	1622490	96	16224.9	0.96	
818	1622769	133	16227.69	1.33	
819	1624635	132	16246.35	1.32	
820	1625466	90	16254.66	0.9	
821	1625823	99	16258.23	0.99	
822	1625986	87	16259.86	0.87	
823	1626712	59	16267.12	0.59	
824	1627563	220	16275.63	2.2	
825	1627923	91	16279.23	0.91	
826	1628372	161	16283.72	1.61	
827	1628821	90	16288.21	0.9	
828	1631439	93	16314.39	0.93	
829	1632328	80	16323.28	0.8	
830	1632543	108	16325.43	1.08	
831	1632989	97	16329.89	0.97	
832	1633445	50	16334.45	0.5	
833	1633882	72	16338.82	0.72	
834	1634457	74	16344.57	0.74	
835	1634766	42	16347.66	0.42	
836	1635053	64	16350.53	0.64	
837	1635473	69	16354.73	0.69	
838	1636034	58	16360.34	0.58	
839	1637028	97	16370.28	0.97	
840	1637432	76	16374.32	0.76	
841	1637675	144	16376.75	1.44	
842	1638047	77	16380.47	0.77	
843	1638477	110	16384.77	1.1	
844	1638749	64	16387.49	0.64	
845	1640136	66	16401.36	0.66	
846	1640464	85	16404.64	0.85	
847	1641250	43	16412.5	0.43	
848	1641797	112	16417.97	1.12	
849	1642099	44	16420.99	0.44	
850	1642537	68	16425.37	0.68	
851	1642730	107	16427.3	1.07	
852	1643322	68	16433.22	0.68	
853	1643759	92	16437.59	0.92	
854	1645642	59	16456.42	0.59	
855	1646319	39	16463.19	0.39	
856	1646897	169	16468.97	1.69	
857	1648197	140	16481.97	1.4	
858	1649998	64	16499.98	0.64	
859	1650936	58	16509.36	0.58	
860	1652804	61	16528.04	0.61	
861	1654942	60	16549.42	0.6	
862	1656497	121	16564.97	1.21	
863	1658101	39	16581.01	0.39	
864	1658480	114	16584.8	1.14	
865	1658841	49	16588.41	0.49	
866	1659606	62	16596.06	0.62	
867	1660730	107	16607.3	1.07	
868	1661141	52	16611.41	0.52	
869	1661537	91	16615.37	0.91	
870	1661670	65	16616.7	0.65	
871	1661959	132	16619.59	1.32	
872	1662507	154	16625.07	1.54	
873	1663602	72	16636.02	0.72	
874	1664005	40	16640.05	0.4	
875	1664987	54	16649.87	0.54	
876	1665952	78	16659.52	0.78	
877	1666452	183	16664.52	1.83	
878	1669084	55	16690.84	0.55	
879	1669554	114	16695.54	1.14	
880	1669949	89	16699.49	0.89	
881	1671815	86	16718.15	0.86	
882	1672674	84	16726.74	0.84	
883	1672973	52	16729.73	0.52	
884	1674155	78	16741.55	0.78	
885	1675210	76	16752.1	0.76	
886	1675653	121	16756.53	1.21	
887	1677387	61	16773.87	0.61	
888	1678230	68	16782.3	0.68	
889	1678629	53	16786.29	0.53	
890	1679150	64	16791.5	0.64	
891	1679364	43	16793.64	0.43	
892	1679535	72	16795.35	0.72	
893	1680403	64	16804.03	0.64	
894	1680690	94	16806.9	0.94	
895	1680799	68	16807.99	0.68	
896	1681101	107	16811.01	1.07	
897	1681530	63	16815.3	0.63	
898	1681778	119	16817.78	1.19	
899	1682200	178	16822	1.78	
900	1683911	85	16839.11	0.85	
901	1684188	109	16841.88	1.09	
902	1684787	66	16847.87	0.66	
903	1685133	135	16851.33	1.35	
904	1685498	54	16854.98	0.54	
905	1686089	86	16860.89	0.86	
906	1687515	90	16875.15	0.9	
907	1688221	64	16882.21	0.64	
908	1688566	64	16885.66	0.64	
909	1688958	57	16889.58	0.57	
910	1689275	95	16892.75	0.95	
911	1689379	58	16893.79	0.58	
912	1689806	174	16898.06	1.74	
913	1690286	78	16902.86	0.78	
914	1692819	67	16928.19	0.67	
915	1693182	81	16931.82	0.81	
916	1693836	79	16938.36	0.79	
917	1694838	69	16948.38	0.69	
918	1697050	58	16970.5	0.58	
919	1698735	126	16987.35	1.26	
920	1699881	50	16998.81	0.5	
921	1702221	44	17022.21	0.44	
922	1702800	148	17028	1.48	
923	1703579	65	17035.79	0.65	
924	1703915	76	17039.15	0.76	
925	1704356	87	17043.56	0.87	
926	1704488	87	17044.88	0.87	
927	1704951	78	17049.51	0.78	
928	1705226	46	17052.26	0.46	
929	1705721	73	17057.21	0.73	
930	1706111	86	17061.11	0.86	
931	1706703	107	17067.03	1.07	
932	1708729	110	17087.29	1.1	
933	1709612	93	17096.12	0.93	
934	1710107	65	17101.07	0.65	
935	1710272	78	17102.72	0.78	
936	1710515	75	17105.15	0.75	
937	1711038	160	17110.38	1.6	
938	1711633	72	17116.33	0.72	
939	1712133	85	17121.33	0.85	
940	1712940	85	17129.4	0.85	
941	1715348	115	17153.48	1.15	
942	1715724	75	17157.24	0.75	
943	1718486	112	17184.86	1.12	
944	1719689	57	17196.89	0.57	
945	1720609	136	17206.09	1.36	
946	1721672	163	17216.72	1.63	
947	1722333	123	17223.33	1.23	
948	1723623	102	17236.23	1.02	
949	1759906	56	17599.06	0.56	
950	1761041	92	17610.41	0.92	
951	1761670	184	17616.7	1.84	
952	1762310	53	17623.1	0.53	
953	1762667	64	17626.67	0.64	
954	1763118	88	17631.18	0.88	
955	1765437	152	17654.37	1.52	
956	1769696	75	17696.96	0.75	
957	1776136	97	17761.36	0.97	
958	1780848	55	17808.48	0.55	
959	1781912	59	17819.12	0.59	
960	1782322	110	17823.22	1.1	
961	1782827	32	17828.27	0.32	
962	1784527	39	17845.27	0.39	
963	1789025	132	17890.25	1.32	
964	1790057	38	17900.57	0.38	
965	1794208	97	17942.08	0.97	
966	1794541	91	17945.41	0.91	
967	1794882	190	17948.82	1.9	
968	1796713	85	17967.13	0.85	
969	1797116	81	17971.16	0.81	
970	1798269	60	17982.69	0.6	
971	1799164	73	17991.64	0.73	
972	1800368	59	18003.68	0.59	
973	1801784	75	18017.84	0.75	
974	1802239	82	18022.39	0.82	
975	1804197	79	18041.97	0.79	
976	1804417	97	18044.17	0.97	
977	1805033	73	18050.33	0.73	
978	1805736	89	18057.36	0.89	
979	1806023	78	18060.23	0.78	
980	1809501	75	18095.01	0.75	
981	1809933	89	18099.33	0.89	
982	1812144	76	18121.44	0.76	
983	1813422	60	18134.22	0.6	
984	1815095	79	18150.95	0.79	
985	1815452	67	18154.52	0.67	
986	1816093	65	18160.93	0.65	
987	1818202	70	18182.02	0.7	
988	1818848	100	18188.48	1	
989	1819673	88	18196.73	0.88	
990	1819956	112	18199.56	1.12	
991	1820255	54	18202.55	0.54	
992	1820554	78	18205.54	0.78	
993	1820933	196	18209.33	1.96	
994	1821354	129	18213.54	1.29	
995	1821715	32	18217.15	0.32	
996	1821758	144	18217.58	1.44	
997	1822100	72	18221	0.72	
998	1822797	64	18227.97	0.64	
999	1825618	76	18256.18	0.76	
1000	1826089	64	18260.89	0.64	
1001	1826320	75	18263.2	0.75	
1002	1826646	68	18266.46	0.68	
1003	1826989	105	18269.89	1.05	
1004	1828870	107	18288.7	1.07	
1005	1829849	61	18298.49	0.61	
1006	1830225	57	18302.25	0.57	
1007	1830443	62	18304.43	0.62	
1008	1831680	128	18316.8	1.28	
1009	1832249	124	18322.49	1.24	
1010	1832695	98	18326.95	0.98	
1011	1832957	64	18329.57	0.64	
1012	1834843	127	18348.43	1.27	
1013	1835627	142	18356.27	1.42	
1014	1836948	167	18369.48	1.67	
1015	1837632	97	18376.32	0.97	
1016	1837993	142	18379.93	1.42	
1017	1838799	87	18387.99	0.87	
1018	1839130	45	18391.3	0.45	
1019	1839742	64	18397.42	0.64	
1020	1840062	63	18400.62	0.63	
1021	1841369	130	18413.69	1.3	
1022	1842222	142	18422.22	1.42	
1023	1842708	89	18427.08	0.89	
1024	1843083	223	18430.83	2.23	
1025	1843728	89	18437.28	0.89	
1026	1844324	93	18443.24	0.93	
1027	1844784	172	18447.84	1.72	
1028	1845527	71	18455.27	0.71	
1029	1846171	52	18461.71	0.52	
1030	1846589	67	18465.89	0.67	
1031	1847332	89	18473.32	0.89	
1032	1851312	89	18513.12	0.89	
1033	1851476	185	18514.76	1.85	
1034	1851747	176	18517.47	1.76	
1035	1853019	85	18530.19	0.85	
1036	1853120	160	18531.2	1.6	
1037	1853615	86	18536.15	0.86	
1038	1854422	82	18544.22	0.82	
1039	1854603	42	18546.03	0.42	
1040	1856151	97	18561.51	0.97	
1041	1856461	158	18564.61	1.58	
1042	1857040	187	18570.4	1.87	
1043	1857481	194	18574.81	1.94	
1044	1858844	107	18588.44	1.07	
1045	1859849	41	18598.49	0.41	
1046	1860102	52	18601.02	0.52	
1047	1860386	79	18603.86	0.79	
1048	1860947	166	18609.47	1.66	
1049	1861439	76	18614.39	0.76	
1050	1861928	119	18619.28	1.19	
1051	1862675	133	18626.75	1.33	
1052	1863168	39	18631.68	0.39	
1053	1865234	108	18652.34	1.08	
1054	1865492	140	18654.92	1.4	
1055	1865970	100	18659.7	1	
1056	1866425	85	18664.25	0.85	
1057	1866621	96	18666.21	0.96	
1058	1866996	146	18669.96	1.46	
1059	1867296	66	18672.96	0.66	
1060	1868506	108	18685.06	1.08	
1061	1868744	158	18687.44	1.58	
1062	1869432	103	18694.32	1.03	
1063	1870814	129	18708.14	1.29	
1064	1871426	145	18714.26	1.45	
1065	1872731	129	18727.31	1.29	
1066	1873258	48	18732.58	0.48	
1067	1875420	112	18754.2	1.12	
1068	1876622	52	18766.22	0.52	
1069	1877903	131	18779.03	1.31	
1070	1878888	66	18788.88	0.66	
1071	1879808	72	18798.08	0.72	
1072	1880944	121	18809.44	1.21	
1073	1883212	74	18832.12	0.74	
1074	1883441	67	18834.41	0.67	
1075	1883708	103	18837.08	1.03	
1076	1884236	81	18842.36	0.81	
1077	1886376	131	18863.76	1.31	
1078	1887376	142	18873.76	1.42	
1079	1887774	119	18877.74	1.19	
1080	1889064	151	18890.64	1.51	
1081	1893568	153	18935.68	1.53	
1082	1896708	50	18967.08	0.5	
1083	1906716	80	19067.16	0.8	
1084	1909300	106	19093	1.06	
1085	1909806	147	19098.06	1.47	
1086	1910837	44	19108.37	0.44	
1087	1911799	66	19117.99	0.66	
1088	1912468	68	19124.68	0.68	
1089	1912767	62	19127.67	0.62	
1090	1913007	165	19130.07	1.65	
1091	1914072	58	19140.72	0.58	
1092	1914777	88	19147.77	0.88	
1093	1918737	98	19187.37	0.98	
1094	1935356	66	19353.56	0.66	
1095	1937090	50	19370.9	0.5	
1096	1938141	104	19381.41	1.04	
1097	1940925	31	19409.25	0.31	
1098	1942415	68	19424.15	0.68	
1099	1948591	76	19485.91	0.76	
1100	1952600	90	19526	0.9	
1101	1955276	85	19552.76	0.85	
1102	1955704	62	19557.04	0.62	
1103	1956172	66	19561.72	0.66	
1104	1957212	36	19572.12	0.36	
1105	1961981	132	19619.81	1.32	
1106	1962673	142	19626.73	1.42	
1107	1964932	96	19649.32	0.96	
1108	1966431	119	19664.31	1.19	
1109	1969395	64	19693.95	0.64	
1110	1969693	73	19696.93	0.73	
1111	1970344	73	19703.44	0.73	
1112	1970789	66	19707.89	0.66	
1113	1971097	31	19710.97	0.31	
1114	1971583	91	19715.83	0.91	
1115	1972070	80	19720.7	0.8	
1116	1973995	65	19739.95	0.65	
1117	1974414	66	19744.14	0.66	
1118	1975115	32	19751.15	0.32	
1119	1984771	55	19847.71	0.55	
1120	1985464	101	19854.64	1.01	
1121	1991390	39	19913.9	0.39	
1122	1992312	48	19923.12	0.48	
1123	1996968	45	19969.68	0.45	
1124	1997468	85	19974.68	0.85	
1125	2000944	51	20009.44	0.51	
1126	2015755	96	20157.55	0.96	
1127	2018486	49	20184.86	0.49	
1128	2022485	54	20224.85	0.54	
1129	2024453	67	20244.53	0.67	
1130	2025048	74	20250.48	0.74	
1131	2025528	39	20255.28	0.39	
1132	2030813	112	20308.13	1.12	
1133	2036355	59	20363.55	0.59	
1134	2039786	72	20397.86	0.72	
1135	2040047	81	20400.47	0.81	
1136	2040919	58	20409.19	0.58	
1137	2041801	121	20418.01	1.21	
1138	2043664	46	20436.64	0.46	
1139	2043972	81	20439.72	0.81	
1140	2044531	132	20445.31	1.32	
1141	2046861	47	20468.61	0.47	
1142	2047193	32	20471.93	0.32	
1143	2048923	36	20489.23	0.36	
1144	2049377	53	20493.77	0.53	
1145	2050078	68	20500.78	0.68	
1146	2050809	67	20508.09	0.67	
1147	2051198	89	20511.98	0.89	
1148	2053059	167	20530.59	1.67	
1149	2054390	32	20543.9	0.32	
1150	2055088	59	20550.88	0.59	
1151	2057998	48	20579.98	0.48	
1152	2060211	47	20602.11	0.47	
1153	2060284	31	20602.84	0.31	
1154	2061024	74	20610.24	0.74	
1155	2061146	34	20611.46	0.34	
1156	2064496	74	20644.96	0.74	
1157	2065206	52	20652.06	0.52	
1158	2065515	63	20655.15	0.63	
1159	2065718	106	20657.18	1.06	
1160	2066054	70	20660.54	0.7	
1161	2066659	58	20666.59	0.58	
1162	2068808	120	20688.08	1.2	
1163	2070245	80	20702.45	0.8	
1164	2071570	67	20715.7	0.67	
1165	2073272	39	20732.72	0.39	
1166	2076767	80	20767.67	0.8	
1167	2082715	84	20827.15	0.84	
1168	2083659	50	20836.59	0.5	
1169	2085577	76	20855.77	0.76	
1170	2088278	81	20882.78	0.81	
1171	2091300	49	20913	0.49	
1172	2102928	42	21029.28	0.42	
1173	2104769	60	21047.69	0.6	
1174	2104979	102	21049.79	1.02	
1175	2105177	64	21051.77	0.64	
1176	2106727	85	21067.27	0.85	
1177	2107537	49	21075.37	0.49	
1178	2107891	139	21078.91	1.39	
1179	2108742	96	21087.42	0.96	
1180	2109158	146	21091.58	1.46	
1181	2109381	37	21093.81	0.37	
1182	2109456	62	21094.56	0.62	
1183	2109677	82	21096.77	0.82	
1184	2110420	40	21104.2	0.4	
1185	2111800	37	21118	0.37	
1186	2112339	143	21123.39	1.43	
1187	2112743	34	21127.43	0.34	
1188	2113436	98	21134.36	0.98	
1189	2114641	36	21146.41	0.36	
1190	2114789	47	21147.89	0.47	
1191	2115336	171	21153.36	1.71	
1192	2115695	101	21156.95	1.01	
1193	2115894	36	21158.94	0.36	
1194	2116696	79	21166.96	0.79	
1195	2119186	131	21191.86	1.31	
1196	2119791	144	21197.91	1.44	
1197	2121775	91	21217.75	0.91	
1198	2122543	152	21225.43	1.52	
1199	2123883	40	21238.83	0.4	
1200	2126940	61	21269.4	0.61	
1201	2127045	54	21270.45	0.54	
1202	2128193	64	21281.93	0.64	
1203	2129064	110	21290.64	1.1	
1204	2130422	140	21304.22	1.4	
1205	2131492	123	21314.92	1.23	
1206	2132543	79	21325.43	0.79	
1207	2132975	98	21329.75	0.98	
1208	2135672	138	21356.72	1.38	
1209	2136847	62	21368.47	0.62	
1210	2137141	134	21371.41	1.34	
1211	2137549	81	21375.49	0.81	
1212	2137934	84	21379.34	0.84	
1213	2139019	125	21390.19	1.25	
1214	2173978	64	21739.78	0.64	
1215	2176502	137	21765.02	1.37	
1216	2176737	33	21767.37	0.33	
1217	2179193	32	21791.93	0.32	
1218	2179621	86	21796.21	0.86	
1219	2180042	133	21800.42	1.33	
1220	2180325	41	21803.25	0.41	
1221	2180633	108	21806.33	1.08	
1222	2181483	94	21814.83	0.94	
1223	2181917	80	21819.17	0.8	
1224	2182223	87	21822.23	0.87	
1225	2183400	69	21834	0.69	
1226	2183791	65	21837.91	0.65	
1227	2184740	86	21847.4	0.86	
1228	2185830	86	21858.3	0.86	
1229	2186410	44	21864.1	0.44	
1230	2187117	177	21871.17	1.77	
1231	2187449	100	21874.49	1	
1232	2187747	104	21877.47	1.04	
1233	2188360	130	21883.6	1.3	
1234	2189269	178	21892.69	1.78	
1235	2189760	119	21897.6	1.19	
1236	2190344	172	21903.44	1.72	
1237	2190689	44	21906.89	0.44	
1238	2191003	43	21910.03	0.43	
1239	2191414	77	21914.14	0.77	
1240	2191757	55	21917.57	0.55	
1241	2192122	116	21921.22	1.16	
1242	2192688	203	21926.88	2.03	
1243	2193637	73	21936.37	0.73	
1244	2195181	71	21951.81	0.71	
1245	2196841	77	21968.41	0.77	
1246	2197264	85	21972.64	0.85	
1247	2197764	55	21977.64	0.55	
1248	2198257	120	21982.57	1.2	
1249	2198689	69	21986.89	0.69	
1250	2198900	94	21989	0.94	
1251	2199121	68	21991.21	0.68	
1252	2199234	156	21992.34	1.56	
1253	2199990	250	21999.9	2.5	
1254	2200789	117	22007.89	1.17	
1255	2201382	98	22013.82	0.98	
1256	2202028	69	22020.28	0.69	
1257	2202435	126	22024.35	1.26	
1258	2202876	137	22028.76	1.37	
1259	2203550	137	22035.5	1.37	
1260	2203970	165	22039.7	1.65	
1261	2204160	37	22041.6	0.37	
1262	2204367	173	22043.67	1.73	
1263	2204877	148	22048.77	1.48	
1264	2205060	52	22050.6	0.52	
1265	2205682	64	22056.82	0.64	
1266	2206066	125	22060.66	1.25	
1267	2206651	59	22066.51	0.59	
1268	2206816	85	22068.16	0.85	
1269	2207365	79	22073.65	0.79	
1270	2207762	135	22077.62	1.35	
1271	2208535	60	22085.35	0.6	
1272	2209133	50	22091.33	0.5	
1273	2209199	49	22091.99	0.49	
1274	2209826	94	22098.26	0.94	
1275	2210144	195	22101.44	1.95	
1276	2210731	84	22107.31	0.84	
1277	2212394	57	22123.94	0.57	
1278	2213314	69	22133.14	0.69	
1279	2213428	141	22134.28	1.41	
1280	2213852	45	22138.52	0.45	
1281	2213904	42	22139.04	0.42	
1282	2214296	30	22142.96	0.3	
1283	2214686	64	22146.86	0.64	
1284	2214792	56	22147.92	0.56	
1285	2215398	99	22153.98	0.99	
1286	2216026	109	22160.26	1.09	
1287	2217890	71	22178.9	0.71	
1288	2218505	92	22185.05	0.92	
1289	2221344	87	22213.44	0.87	
1290	2222944	119	22229.44	1.19	
1291	2224170	124	22241.7	1.24	
1292	2225172	84	22251.72	0.84	
1293	2230111	117	22301.11	1.17	
1294	2231245	167	22312.45	1.67	
1295	2231714	145	22317.14	1.45	
1296	2232103	128	22321.03	1.28	
1297	2233456	93	22334.56	0.93	
1298	2233874	34	22338.74	0.34	
1299	2233989	96	22339.89	0.96	
1300	2235605	79	22356.05	0.79	
1301	2236068	75	22360.68	0.75	
1302	2236582	116	22365.82	1.16	
1303	2237087	107	22370.87	1.07	
1304	2237354	102	22373.54	1.02	
1305	2238798	89	22387.98	0.89	
1306	2240348	141	22403.48	1.41	
1307	2240680	170	22406.8	1.7	
1308	2242108	84	22421.08	0.84	
1309	2243164	49	22431.64	0.49	
1310	2244202	106	22442.02	1.06	
1311	2244713	92	22447.13	0.92	
1312	2246031	84	22460.31	0.84	
1313	2247277	137	22472.77	1.37	
1314	2249521	136	22495.21	1.36	
1315	2251261	133	22512.61	1.33	
1316	2251700	76	22517	0.76	
1317	2252684	60	22526.84	0.6	
1318	2253373	91	22533.73	0.91	
1319	2254139	57	22541.39	0.57	
1320	2254451	46	22544.51	0.46	
1321	2254896	53	22548.96	0.53	
1322	2255191	102	22551.91	1.02	
1323	2255715	77	22557.15	0.77	
1324	2256245	60	22562.45	0.6	
1325	2256889	99	22568.89	0.99	
1326	2258310	103	22583.1	1.03	
1327	2259821	113	22598.21	1.13	
1328	2261092	95	22610.92	0.95	
1329	2261806	82	22618.06	0.82	
1330	2263411	92	22634.11	0.92	
1331	2264596	62	22645.96	0.62	
1332	2266155	60	22661.55	0.6	
1333	2266598	56	22665.98	0.56	
1334	2272048	85	22720.48	0.85	
1335	2274766	139	22747.66	1.39	
1336	2277640	39	22776.4	0.39	
1337	2277722	60	22777.22	0.6	
1338	2278638	67	22786.38	0.67	
1339	2278771	32	22787.71	0.32	
1340	2278826	56	22788.26	0.56	
1341	2279331	57	22793.31	0.57	
1342	2279576	149	22795.76	1.49	
1343	2279988	175	22799.88	1.75	
1344	2280480	132	22804.8	1.32	
1345	2280777	80	22807.77	0.8	
1346	2281250	87	22812.5	0.87	
1347	2281499	64	22814.99	0.64	
1348	2281742	207	22817.42	2.07	
1349	2282210	189	22822.1	1.89	
1350	2282585	93	22825.85	0.93	
1351	2283016	67	22830.16	0.67	
1352	2284991	84	22849.91	0.84	
1353	2285213	94	22852.13	0.94	
1354	2285601	46	22856.01	0.46	
1355	2286116	92	22861.16	0.92	
1356	2286582	67	22865.82	0.67	
1357	2287137	116	22871.37	1.16	
1358	2288062	66	22880.62	0.66	
1359	2288463	150	22884.63	1.5	
1360	2288773	66	22887.73	0.66	
1361	2288914	75	22889.14	0.75	
1362	2289019	108	22890.19	1.08	
1363	2290389	54	22903.89	0.54	
1364	2290762	104	22907.62	1.04	
1365	2291325	106	22913.25	1.06	
1366	2291809	158	22918.09	1.58	
1367	2293237	98	22932.37	0.98	
1368	2293950	66	22939.5	0.66	
1369	2294341	109	22943.41	1.09	
1370	2294864	88	22948.64	0.88	
1371	2295116	68	22951.16	0.68	
1372	2295793	90	22957.93	0.9	
1373	2296204	62	22962.04	0.62	
1374	2297248	82	22972.48	0.82	
1375	2298264	114	22982.64	1.14	
1376	2298761	180	22987.61	1.8	
1377	2299937	141	22999.37	1.41	
1378	2301701	111	23017.01	1.11	
1379	2302212	151	23022.12	1.51	
1380	2302760	180	23027.6	1.8	
1381	2302981	71	23029.81	0.71	
1382	2303185	153	23031.85	1.53	
1383	2303527	188	23035.27	1.88	
1384	2304535	100	23045.35	1	
1385	2304800	34	23048	0.34	
1386	2304946	116	23049.46	1.16	
1387	2306008	100	23060.08	1	
1388	2306515	31	23065.15	0.31	
1389	2307194	84	23071.94	0.84	
1390	2307588	249	23075.88	2.49	
1391	2308085	76	23080.85	0.76	
1392	2308790	199	23087.9	1.99	
1393	2309170	111	23091.7	1.11	
1394	2309537	164	23095.37	1.64	
1395	2310104	149	23101.04	1.49	
1396	2310506	151	23105.06	1.51	
1397	2310959	78	23109.59	0.78	
1398	2311332	183	23113.32	1.83	
1399	2311841	149	23118.41	1.49	
1400	2313427	89	23134.27	0.89	
1401	2313752	143	23137.52	1.43	
1402	2314108	63	23141.08	0.63	
1403	2314301	37	23143.01	0.37	
1404	2314382	67	23143.82	0.67	
1405	2314734	39	23147.34	0.39	
1406	2315718	30	23157.18	0.3	
1407	2315823	117	23158.23	1.17	
1408	2316460	151	23164.6	1.51	
1409	2316860	57	23168.6	0.57	
1410	2317153	60	23171.53	0.6	
1411	2320938	65	23209.38	0.65	
1412	2322490	72	23224.9	0.72	
1413	2322688	122	23226.88	1.22	
1414	2323971	109	23239.71	1.09	
1415	2325495	112	23254.95	1.12	
1416	2325720	152	23257.2	1.52	
1417	2326054	78	23260.54	0.78	
1418	2326534	86	23265.34	0.86	
1419	2326830	31	23268.3	0.31	
1420	2327331	34	23273.31	0.34	
1421	2327404	51	23274.04	0.51	
1422	2328620	166	23286.2	1.66	
1423	2330384	122	23303.84	1.22	
1424	2330766	76	23307.66	0.76	
1425	2330879	41	23308.79	0.41	
1426	2331070	50	23310.7	0.5	
1427	2331251	30	23312.51	0.3	
1428	2331491	49	23314.91	0.49	
1429	2331573	58	23315.73	0.58	
1430	2331822	36	23318.22	0.36	
1431	2332375	148	23323.75	1.48	
1432	2332713	197	23327.13	1.97	
1433	2333140	148	23331.4	1.48	
1434	2333302	99	23333.02	0.99	
1435	2333538	141	23335.38	1.41	
1436	2333853	55	23338.53	0.55	
1437	2334408	34	23344.08	0.34	
1438	2335360	53	23353.6	0.53	
1439	2336000	74	23360	0.74	
1440	2336438	57	23364.38	0.57	
1441	2336690	44	23366.9	0.44	
1442	2336901	111	23369.01	1.11	
1443	2338307	48	23383.07	0.48	
1444	2339344	76	23393.44	0.76	
1445	2342745	188	23427.45	1.88	
1446	2344230	135	23442.3	1.35	
1447	2344472	199	23444.72	1.99	
1448	2350544	63	23505.44	0.63	
1449	2351374	88	23513.74	0.88	
1450	2352099	114	23520.99	1.14	
1451	2357791	163	23577.91	1.63	
1452	2358376	118	23583.76	1.18	
1453	2358857	197	23588.57	1.97	
1454	2361870	165	23618.7	1.65	
1455	2363024	225	23630.24	2.25	
1456	2363587	84	23635.87	0.84	
1457	2363964	77	23639.64	0.77	
1458	2364369	93	23643.69	0.93	
1459	2365304	64	23653.04	0.64	
1460	2366245	161	23662.45	1.61	
1461	2366865	166	23668.65	1.66	
1462	2368503	83	23685.03	0.83	
1463	2369025	68	23690.25	0.68	
1464	2369342	78	23693.42	0.78	
1465	2369450	31	23694.5	0.31	
1466	2369956	44	23699.56	0.44	
1467	2370340	235	23703.4	2.35	
1468	2370875	198	23708.75	1.98	
1469	2371643	80	23716.43	0.8	
1470	2372091	64	23720.91	0.64	
1471	2372927	123	23729.27	1.23	
1472	2374041	158	23740.41	1.58	
1473	2374694	70	23746.94	0.7	
1474	2375114	124	23751.14	1.24	
1475	2376356	158	23763.56	1.58	
1476	2376818	104	23768.18	1.04	
1477	2378185	108	23781.85	1.08	
1478	2379354	76	23793.54	0.76	
1479	2379825	62	23798.25	0.62	
1480	2380456	87	23804.56	0.87	
1481	2381825	74	23818.25	0.74	
1482	2382986	38	23829.86	0.38	
1483	2383055	36	23830.55	0.36	
1484	2383162	46	23831.62	0.46	
1485	2383998	32	23839.98	0.32	
1486	2386071	56	23860.71	0.56	
1487	2386511	91	23865.11	0.91	
1488	2387140	47	23871.4	0.47	
1489	2388278	50	23882.78	0.5	
1490	2388877	73	23888.77	0.73	
1491	2391234	39	23912.34	0.39	
1492	2392078	59	23920.78	0.59	
1493	2392543	52	23925.43	0.52	
1494	2394865	40	23948.65	0.4	
1495	2396189	68	23961.89	0.68	
1496	2396570	69	23965.7	0.69	
1497	2399780	54	23997.8	0.54	
1498	2402247	103	24022.47	1.03	
1499	2402623	110	24026.23	1.1	
1500	2403346	41	24033.46	0.41	
1501	2403392	72	24033.92	0.72	
1502	2403906	129	24039.06	1.29	
1503	2404318	95	24043.18	0.95	
1504	2404612	76	24046.12	0.76	
1505	2405716	73	24057.16	0.73	
1506	2406683	101	24066.83	1.01	
1507	2409000	100	24090	1	
1508	2412697	62	24126.97	0.62	
1509	2414064	69	24140.64	0.69	
1510	2416150	52	24161.5	0.52	
1511	2417425	61	24174.25	0.61	
1512	2417713	86	24177.13	0.86	
1513	2428933	81	24289.33	0.81	
1514	2429693	72	24296.93	0.72	
1515	2430168	75	24301.68	0.75	
1516	2430571	157	24305.71	1.57	
1517	2431144	40	24311.44	0.4	
1518	2432270	39	24322.7	0.39	
1519	2434317	48	24343.17	0.48	
1520	2434812	165	24348.12	1.65	
1521	2435220	68	24352.2	0.68	
1522	2435834	53	24358.34	0.53	
1523	2435910	38	24359.1	0.38	
1524	2436459	66	24364.59	0.66	
1525	2437920	68	24379.2	0.68	
1526	2438101	38	24381.01	0.38	
1527	2439780	80	24397.8	0.8	
1528	2440036	41	24400.36	0.41	
1529	2440092	103	24400.92	1.03	
1530	2440538	110	24405.38	1.1	
1531	2441059	100	24410.59	1	
1532	2441471	73	24414.71	0.73	
1533	2442880	160	24428.8	1.6	
1534	2443268	170	24432.68	1.7	
1535	2443577	177	24435.77	1.77	
1536	2443931	105	24439.31	1.05	
1537	2444717	53	24447.17	0.53	
1538	2444937	34	24449.37	0.34	
1539	2447416	93	24474.16	0.93	
1540	2447987	103	24479.87	1.03	
1541	2448728	75	24487.28	0.75	
1542	2449946	118	24499.46	1.18	
1543	2450311	64	24503.11	0.64	
1544	2450635	46	24506.35	0.46	
1545	2451039	59	24510.39	0.59	
1546	2451596	60	24515.96	0.6	
1547	2452914	42	24529.14	0.42	
1548	2453328	50	24533.28	0.5	
1549	2459164	79	24591.64	0.79	
1550	2460001	52	24600.01	0.52	
1551	2461576	62	24615.76	0.62	
1552	2461978	67	24619.78	0.67	
1553	2468566	105	24685.66	1.05	
1554	2469510	80	24695.1	0.8	
1555	2469946	69	24699.46	0.69	
1556	2472372	91	24723.72	0.91	
1557	2474764	76	24747.64	0.76	
1558	2476285	58	24762.85	0.58	
1559	2476794	71	24767.94	0.71	
1560	2477236	88	24772.36	0.88	
1561	2477481	43	24774.81	0.43	
1562	2478797	35	24787.97	0.35	
1563	2479451	53	24794.51	0.53	
1564	2481738	75	24817.38	0.75	
1565	2482888	82	24828.88	0.82	
1566	2483448	64	24834.48	0.64	
1567	2484036	37	24840.36	0.37	
1568	2519182	185	25191.82	1.85	
1569	2519837	201	25198.37	2.01	
1570	2520278	151	25202.78	1.51	
1571	2520880	214	25208.8	2.14	
1572	2521455	159	25214.55	1.59	
1573	2521852	79	25218.52	0.79	
1574	2522704	85	25227.04	0.85	
1575	2522967	132	25229.67	1.32	
1576	2523298	172	25232.98	1.72	
1577	2524139	82	25241.39	0.82	
1578	2524758	211	25247.58	2.11	
1579	2525277	144	25252.77	1.44	
1580	2526023	75	25260.23	0.75	
1581	2526987	171	25269.87	1.71	
1582	2527378	164	25273.78	1.64	
1583	2527597	63	25275.97	0.63	
1584	2527806	83	25278.06	0.83	
1585	2528309	181	25283.09	1.81	
1586	2528721	165	25287.21	1.65	
1587	2529094	212	25290.94	2.12	
1588	2529493	142	25294.93	1.42	
1589	2529786	122	25297.86	1.22	
1590	2530225	60	25302.25	0.6	
1591	2530902	110	25309.02	1.1	
1592	2531325	125	25313.25	1.25	
1593	2531679	59	25316.79	0.59	
1594	2531841	75	25318.41	0.75	
1595	2532239	62	25322.39	0.62	
1596	2532655	43	25326.55	0.43	
1597	2532857	68	25328.57	0.68	
1598	2533694	37	25336.94	0.37	
1599	2534510	94	25345.1	0.94	
1600	2535041	71	25350.41	0.71	
1601	2535478	140	25354.78	1.4	
1602	2535992	119	25359.92	1.19	
1603	2536170	55	25361.7	0.55	
1604	2536515	56	25365.15	0.56	
1605	2536894	53	25368.94	0.53	
1606	2537647	91	25376.47	0.91	
1607	2537941	170	25379.41	1.7	
1608	2538312	70	25383.12	0.7	
1609	2539048	96	25390.48	0.96	
1610	2540249	107	25402.49	1.07	
1611	2541072	82	25410.72	0.82	
1612	2541426	156	25414.26	1.56	
1613	2542272	86	25422.72	0.86	
1614	2546496	128	25464.96	1.28	
1615	2546754	106	25467.54	1.06	
1616	2548153	173	25481.53	1.73	
1617	2549495	106	25494.95	1.06	
1618	2551042	68	25510.42	0.68	
1619	2551819	64	25518.19	0.64	
1620	2551918	61	25519.18	0.61	
1621	2552285	57	25522.85	0.57	
1622	2554448	97	25544.48	0.97	
1623	2555090	53	25550.9	0.53	
1624	2556030	103	25560.3	1.03	
1625	2556965	53	25569.65	0.53	
1626	2557381	103	25573.81	1.03	
1627	2558192	66	25581.92	0.66	
1628	2558995	158	25589.95	1.58	
1629	2560329	144	25603.29	1.44	
1630	2564925	44	25649.25	0.44	
1631	2565357	75	25653.57	0.75	
1632	2567564	38	25675.64	0.38	
1633	2568027	60	25680.27	0.6	
1634	2568260	59	25682.6	0.59	
1635	2569346	62	25693.46	0.62	
1636	2569870	63	25698.7	0.63	
1637	2570901	44	25709.01	0.44	
1638	2571559	48	25715.59	0.48	
1639	2572091	103	25720.91	1.03	
1640	2573754	60	25737.54	0.6	
1641	2580363	61	25803.63	0.61	
1642	2586509	149	25865.09	1.49	
1643	2587620	105	25876.2	1.05	
1644	2594887	37	25948.87	0.37	
1645	2599672	54	25996.72	0.54	
1646	2599966	52	25999.66	0.52	
1647	2600717	130	26007.17	1.3	
1648	2602759	119	26027.59	1.19	
1649	2604464	52	26044.64	0.52	
1650	2608933	97	26089.33	0.97	
1651	2610945	52	26109.45	0.52	
1652	2612444	48	26124.44	0.48	
1653	2612911	31	26129.11	0.31	
1654	2615561	150	26155.61	1.5	
1655	2616560	92	26165.6	0.92	
1656	2623616	100	26236.16	1	
1657	2625418	64	26254.18	0.64	
1658	2626792	60	26267.92	0.6	
1659	2627444	65	26274.44	0.65	
1660	2630129	53	26301.29	0.53	
1661	2633955	64	26339.55	0.64	
1662	2634643	30	26346.43	0.3	
1663	2634701	33	26347.01	0.33	
1664	2635605	76	26356.05	0.76	
1665	2639527	53	26395.27	0.53	
1666	2640582	109	26405.82	1.09	
1667	2640833	81	26408.33	0.81	
1668	2642491	36	26424.91	0.36	
1669	2644259	58	26442.59	0.58	
1670	2644534	58	26445.34	0.58	
1671	2644957	31	26449.57	0.31	
1672	2646437	42	26464.37	0.42	
1673	2646521	121	26465.21	1.21	
1674	2647439	67	26474.39	0.67	
1675	2647887	171	26478.87	1.71	
1676	2649162	67	26491.62	0.67	
1677	2649373	61	26493.73	0.61	
1678	2651264	120	26512.64	1.2	
1679	2652214	62	26522.14	0.62	
1680	2656609	120	26566.09	1.2	
1681	2656929	98	26569.29	0.98	
1682	2658035	100	26580.35	1	
1683	2658476	111	26584.76	1.11	
1684	2659888	70	26598.88	0.7	
1685	2660821	69	26608.21	0.69	
1686	2661586	140	26615.86	1.4	
1687	2663035	157	26630.35	1.57	
1688	2663890	69	26638.9	0.69	
1689	2664413	102	26644.13	1.02	
1690	2665628	107	26656.28	1.07	
1691	2666318	153	26663.18	1.53	
1692	2667463	108	26674.63	1.08	
1693	2667675	107	26676.75	1.07	
1694	2669006	57	26690.06	0.57	
1695	2670440	56	26704.4	0.56	
1696	2671031	110	26710.31	1.1	
1697	2674314	55	26743.14	0.55	
1698	2676128	123	26761.28	1.23	
1699	2677166	76	26771.66	0.76	
1700	2677566	43	26775.66	0.43	
1701	2678294	50	26782.94	0.5	
1702	2679734	37	26797.34	0.37	
1703	2680368	84	26803.68	0.84	
1704	2680557	52	26805.57	0.52	
1705	2681292	38	26812.92	0.38	
1706	2681926	66	26819.26	0.66	
1707	2683016	85	26830.16	0.85	
1708	2683549	66	26835.49	0.66	
1709	2683782	60	26837.82	0.6	
1710	2684897	91	26848.97	0.91	
1711	2685239	37	26852.39	0.37	
1712	2687291	83	26872.91	0.83	
1713	2689084	86	26890.84	0.86	
1714	2691276	57	26912.76	0.57	
1715	2691550	44	26915.5	0.44	
1716	2692494	36	26924.94	0.36	
1717	2693095	69	26930.95	0.69	
1718	2693429	62	26934.29	0.62	
1719	2695884	92	26958.84	0.92	
1720	2696171	110	26961.71	1.1	
1721	2700154	123	27001.54	1.23	
1722	2700882	105	27008.82	1.05	
1723	2702789	78	27027.89	0.78	
1724	2703216	104	27032.16	1.04	
1725	2704637	194	27046.37	1.94	
1726	2706622	70	27066.22	0.7	
1727	2707167	86	27071.67	0.86	
1728	2708897	64	27088.97	0.64	
1729	2710773	81	27107.73	0.81	
1730	2712133	37	27121.33	0.37	
1731	2713327	72	27133.27	0.72	
1732	2714772	146	27147.72	1.46	
1733	2718845	106	27188.45	1.06	
1734	2720060	52	27200.6	0.52	
1735	2720867	53	27208.67	0.53	
1736	2721049	190	27210.49	1.9	
1737	2724185	121	27241.85	1.21	
1738	2726302	109	27263.02	1.09	
1739	2726888	116	27268.88	1.16	
1740	2730464	74	27304.64	0.74	
1741	2730746	56	27307.46	0.56	
1742	2730994	54	27309.94	0.54	
1743	2731252	109	27312.52	1.09	
1744	2731998	60	27319.98	0.6	
1745	2734505	138	27345.05	1.38	
1746	2737114	74	27371.14	0.74	
1747	2737567	131	27375.67	1.31	
1748	2739882	94	27398.82	0.94	
1749	2740954	71	27409.54	0.71	
1750	2741157	84	27411.57	0.84	
1751	2742999	112	27429.99	1.12	
1752	2743920	80	27439.2	0.8	
1753	2744083	106	27440.83	1.06	
1754	2744365	130	27443.65	1.3	
1755	2744721	135	27447.21	1.35	
1756	2746201	141	27462.01	1.41	
1757	2747956	118	27479.56	1.18	
1758	2748187	69	27481.87	0.69	
1759	2748615	91	27486.15	0.91	
1760	2749908	31	27499.08	0.31	
1761	2750266	144	27502.66	1.44	
1762	2750788	116	27507.88	1.16	
1763	2752877	91	27528.77	0.91	
1764	2754959	52	27549.59	0.52	
1765	2755446	104	27554.46	1.04	
1766	2755881	36	27558.81	0.36	
1767	2756728	112	27567.28	1.12	
1768	2760613	39	27606.13	0.39	
1769	2760669	101	27606.69	1.01	
1770	2761864	64	27618.64	0.64	
1771	2762346	32	27623.46	0.32	
1772	2762643	78	27626.43	0.78	
1773	2762988	95	27629.88	0.95	
1774	2763755	107	27637.55	1.07	
1775	2764401	86	27644.01	0.86	
1776	2764769	159	27647.69	1.59	
1777	2765505	91	27655.05	0.91	
1778	2766741	66	27667.41	0.66	
1779	2767131	55	27671.31	0.55	
1780	2767240	119	27672.4	1.19	
1781	2767656	84	27676.56	0.84	
1782	2767994	103	27679.94	1.03	
1783	2769320	98	27693.2	0.98	
1784	2770455	73	27704.55	0.73	
1785	2771273	112	27712.73	1.12	
1786	2771691	50	27716.91	0.5	
1787	2772537	75	27725.37	0.75	
1788	2774271	59	27742.71	0.59	
1789	2775050	69	27750.5	0.69	
1790	2775806	43	27758.06	0.43	
1791	2776083	78	27760.83	0.78	
1792	2776599	42	27765.99	0.42	
1793	2777774	44	27777.74	0.44	
1794	2778214	44	27782.14	0.44	
1795	2778481	47	27784.81	0.47	
1796	2778778	32	27787.78	0.32	
1797	2780423	60	27804.23	0.6	
1798	2780775	34	27807.75	0.34	
1799	2781437	101	27814.37	1.01	
1800	2783365	96	27833.65	0.96	
1801	2783791	64	27837.91	0.64	
1802	2784130	104	27841.3	1.04	
1803	2785849	96	27858.49	0.96	
1804	2786158	50	27861.58	0.5	
1805	2787247	78	27872.47	0.78	
1806	2788300	53	27883	0.53	
1807	2788883	53	27888.83	0.53	
1808	2789702	69	27897.02	0.69	
1809	2790573	96	27905.73	0.96	
1810	2791760	51	27917.6	0.51	
1811	2792424	58	27924.24	0.58	
1812	2793966	51	27939.66	0.51	
1813	2794906	96	27949.06	0.96	
1814	2795324	57	27953.24	0.57	
1815	2795622	132	27956.22	1.32	
1816	2796083	121	27960.83	1.21	
1817	2796415	66	27964.15	0.66	
1818	2796812	71	27968.12	0.71	
1819	2797511	80	27975.11	0.8	
1820	2797894	148	27978.94	1.48	
1821	2798876	96	27988.76	0.96	
1822	2799432	59	27994.32	0.59	
1823	2799681	109	27996.81	1.09	
1824	2800869	99	28008.69	0.99	
1825	2801241	134	28012.41	1.34	
1826	2802196	95	28021.96	0.95	
1827	2802696	46	28026.96	0.46	
1828	2802899	76	28028.99	0.76	
1829	2803299	57	28032.99	0.57	
1830	2803583	61	28035.83	0.61	
1831	2803750	96	28037.5	0.96	
1832	2804067	191	28040.67	1.91	
1833	2804613	41	28046.13	0.41	
1834	2806579	57	28065.79	0.57	
1835	2806981	71	28069.81	0.71	
1836	2807335	128	28073.35	1.28	
1837	2807728	88	28077.28	0.88	
1838	2807849	65	28078.49	0.65	
1839	2808144	99	28081.44	0.99	
1840	2811728	100	28117.28	1	
1841	2812539	68	28125.39	0.68	
1842	2814985	88	28149.85	0.88	
1843	2815509	147	28155.09	1.47	
1844	2815843	58	28158.43	0.58	
1845	2816581	141	28165.81	1.41	
1846	2817044	80	28170.44	0.8	
1847	2818067	102	28180.67	1.02	
1848	2820042	104	28200.42	1.04	
1849	2820467	91	28204.67	0.91	
1850	2820686	114	28206.86	1.14	
1851	2821232	76	28212.32	0.76	
1852	2821678	70	28216.78	0.7	
1853	2822011	129	28220.11	1.29	
1854	2822370	61	28223.7	0.61	
1855	2822660	98	28226.6	0.98	
1856	2825171	39	28251.71	0.39	
1857	2825319	78	28253.19	0.78	
1858	2827182	59	28271.82	0.59	
1859	2827855	81	28278.55	0.81	
1860	2828199	71	28281.99	0.71	
1861	2831482	127	28314.82	1.27	
1862	2833225	38	28332.25	0.38	
1863	2836655	71	28366.55	0.71	
1864	2839541	103	28395.41	1.03	
1865	2841520	36	28415.2	0.36	
1866	2842149	103	28421.49	1.03	
1867	2842727	38	28427.27	0.38	
1868	2843635	60	28436.35	0.6	
1869	2845422	76	28454.22	0.76	
1870	2845818	31	28458.18	0.31	
1871	2846551	88	28465.51	0.88	
1872	2847921	82	28479.21	0.82	
1873	2848681	40	28486.81	0.4	
1874	2849557	60	28495.57	0.6	
1875	2850141	96	28501.41	0.96	
1876	2851358	107	28513.58	1.07	
1877	2855111	80	28551.11	0.8	
1878	2860080	47	28600.8	0.47	
1879	2864299	88	28642.99	0.88	
1880	2866184	95	28661.84	0.95	
1881	2867226	59	28672.26	0.59	
1882	2867843	68	28678.43	0.68	
1883	2868233	53	28682.33	0.53	
1884	2869158	91	28691.58	0.91	
1885	2869699	71	28696.99	0.71	
1886	2873116	106	28731.16	1.06	
1887	2873748	92	28737.48	0.92	
1888	2874002	85	28740.02	0.85	
1889	2874434	120	28744.34	1.2	
1890	2874941	83	28749.41	0.83	
1891	2875252	44	28752.52	0.44	
1892	2875333	31	28753.33	0.31	
1893	2875628	76	28756.28	0.76	
1894	2882115	74	28821.15	0.74	
1895	2883349	80	28833.49	0.8	
1896	2883804	70	28838.04	0.7	
1897	2889467	70	28894.67	0.7	
1898	2889869	136	28898.69	1.36	
1899	2890492	39	28904.92	0.39	
1900	2890820	134	28908.2	1.34	
1901	2891981	48	28919.81	0.48	
1902	2893161	44	28931.61	0.44	
1903	2893906	63	28939.06	0.63	
1904	2894192	50	28941.92	0.5	
1905	2895141	70	28951.41	0.7	
1906	2895883	48	28958.83	0.48	
1907	2898322	59	28983.22	0.59	
1908	2898746	64	28987.46	0.64	
1909	2903509	61	29035.09	0.61	
1910	2911108	30	29111.08	0.3	
1911	2912307	71	29123.07	0.71	
1912	2913432	81	29134.32	0.81	
1913	2916843	51	29168.43	0.51	
1914	2920035	76	29200.35	0.76	
1915	2922463	62	29224.63	0.62	
1916	2929264	47	29292.64	0.47	
1917	2931252	93	29312.52	0.93	
1918	2931989	37	29319.89	0.37	
1919	2967997	64	29679.97	0.64	
1920	2970140	202	29701.4	2.02	
1921	2970855	67	29708.55	0.67	
1922	2970963	96	29709.63	0.96	
1923	2971602	115	29716.02	1.15	
1924	2973029	60	29730.29	0.6	
1925	2975072	43	29750.72	0.43	
1926	2976986	124	29769.86	1.24	
1927	2977313	90	29773.13	0.9	
1928	2977838	76	29778.38	0.76	
1929	2978320	34	29783.2	0.34	
1930	2978594	95	29785.94	0.95	
1931	2979346	115	29793.46	1.15	
1932	2980551	112	29805.51	1.12	
1933	2980951	86	29809.51	0.86	
1934	2981576	80	29815.76	0.8	
1935	2982077	146	29820.77	1.46	
1936	2984810	100	29848.1	1	
1937	2985225	146	29852.25	1.46	
1938	2985987	134	29859.87	1.34	
1939	2986382	86	29863.82	0.86	
1940	2988103	63	29881.03	0.63	
1941	2989247	46	29892.47	0.46	
1942	2989590	224	29895.9	2.24	
1943	2990102	48	29901.02	0.48	
1944	2990474	49	29904.74	0.49	
1945	2990666	41	29906.66	0.41	
1946	2991036	84	29910.36	0.84	
1947	2991455	79	29914.55	0.79	
1948	2991833	94	29918.33	0.94	
1949	2993231	155	29932.31	1.55	
1950	2993603	67	29936.03	0.67	
1951	2994049	144	29940.49	1.44	
1952	2994426	93	29944.26	0.93	
1953	2994861	150	29948.61	1.5	
1954	2995303	68	29953.03	0.68	
1955	2999219	128	29992.19	1.28	
1956	2999782	37	29997.82	0.37	
1957	3000977	80	30009.77	0.8	
1958	3001931	126	30019.31	1.26	
1959	3002984	136	30029.84	1.36	
1960	3003716	95	30037.16	0.95	
1961	3004058	131	30040.58	1.31	
1962	3004876	171	30048.76	1.71	
1963	3005468	203	30054.68	2.03	
1964	3006003	141	30060.03	1.41	
1965	3006500	151	30065	1.51	
1966	3006962	178	30069.62	1.78	
1967	3008919	171	30089.19	1.71	
1968	3010217	72	30102.17	0.72	
1969	3011391	121	30113.91	1.21	
1970	3012314	148	30123.14	1.48	
1971	3012695	163	30126.95	1.63	
1972	3013355	107	30133.55	1.07	
1973	3013621	140	30136.21	1.4	
1974	3014146	131	30141.46	1.31	
1975	3014606	131	30146.06	1.31	
1976	3015270	71	30152.7	0.71	
1977	3015521	36	30155.21	0.36	
1978	3015860	94	30158.6	0.94	
1979	3016432	91	30164.32	0.91	
1980	3016556	71	30165.56	0.71	
1981	3017876	35	30178.76	0.35	
1982	3018602	153	30186.02	1.53	
1983	3018892	70	30188.92	0.7	
1984	3019225	97	30192.25	0.97	
1985	3019680	90	30196.8	0.9	
1986	3020012	30	30200.12	0.3	
1987	3020207	199	30202.07	1.99	
1988	3020571	142	30205.71	1.42	
1989	3021606	77	30216.06	0.77	
1990	3022733	69	30227.33	0.69	
1991	3023579	114	30235.79	1.14	
1992	3023847	53	30238.47	0.53	
1993	3024004	69	30240.04	0.69	
1994	3024113	148	30241.13	1.48	
1995	3024493	34	30244.93	0.34	
1996	3024567	80	30245.67	0.8	
1997	3028049	137	30280.49	1.37	
1998	3028634	83	30286.34	0.83	
1999	3029547	71	30295.47	0.71	
2000	3030117	90	30301.17	0.9	
2001	3031243	76	30312.43	0.76	
2002	3034724	130	30347.24	1.3	
2003	3034929	78	30349.29	0.78	
2004	3042068	48	30420.68	0.48	
2005	3055406	41	30554.06	0.41	
2006	3056771	41	30567.71	0.41	
2007	3062518	71	30625.18	0.71	
2008	3062923	50	30629.23	0.5	
2009	3071796	71	30717.96	0.71	
2010	3073118	63	30731.18	0.63	
2011	3078300	43	30783	0.43	
2012	3079520	69	30795.2	0.69	
2013	3079746	50	30797.46	0.5	
2014	3085374	108	30853.74	1.08	
2015	3091487	32	30914.87	0.32	
2016	3092103	89	30921.03	0.89	
2017	3092880	77	30928.8	0.77	
2018	3093442	64	30934.42	0.64	
2019	3094164	53	30941.64	0.53	
2020	3094223	55	30942.23	0.55	
2021	3094584	197	30945.84	1.97	
2022	3095506	112	30955.06	1.12	
2023	3097410	49	30974.1	0.49	
2024	3097901	76	30979.01	0.76	
2025	3102457	50	31024.57	0.5	
2026	3102786	138	31027.86	1.38	
2027	3103322	86	31033.22	0.86	
2028	3104384	125	31043.84	1.25	
2029	3106726	71	31067.26	0.71	
2030	3111598	54	31115.98	0.54	
2031	3112812	57	31128.12	0.57	
2032	3115395	75	31153.95	0.75	
2033	3118219	34	31182.19	0.34	
2034	3118733	89	31187.33	0.89	
2035	3119164	50	31191.64	0.5	
2036	3119568	179	31195.68	1.79	
2037	3119947	124	31199.47	1.24	
2038	3120238	113	31202.38	1.13	
2039	3123319	96	31233.19	0.96	
2040	3123726	146	31237.26	1.46	
2041	3124200	84	31242	0.84	
2042	3124736	92	31247.36	0.92	
2043	3125547	64	31255.47	0.64	
2044	3125957	173	31259.57	1.73	
2045	3126689	61	31266.89	0.61	
2046	3127130	87	31271.3	0.87	
2047	3127694	83	31276.94	0.83	
2048	3129007	53	31290.07	0.53	
2049	3129415	103	31294.15	1.03	
2050	3130033	50	31300.33	0.5	
2051	3133931	86	31339.31	0.86	
2052	3135900	66	31359	0.66	
2053	3137095	52	31370.95	0.52	
2054	3138623	49	31386.23	0.49	
2055	3138893	67	31388.93	0.67	
2056	3139698	75	31396.98	0.75	
2057	3177205	86	31772.05	0.86	
2058	3177583	78	31775.83	0.78	
2059	3184703	82	31847.03	0.82	
2060	3185333	63	31853.33	0.63	
2061	3202034	33	32020.34	0.33	
2062	3211841	74	32118.41	0.74	
2063	3212677	73	32126.77	0.73	
2064	3213100	41	32131	0.41	
2065	3213372	60	32133.72	0.6	
2066	3213797	52	32137.97	0.52	
2067	3214189	121	32141.89	1.21	
2068	3214826	88	32148.26	0.88	
2069	3218644	137	32186.44	1.37	
2070	3221074	31	32210.74	0.31	
2071	3221165	85	32211.65	0.85	
2072	3222363	108	32223.63	1.08	
2073	3222851	84	32228.51	0.84	
2074	3223553	75	32235.53	0.75	
2075	3223968	37	32239.68	0.37	
2076	3224752	91	32247.52	0.91	
2077	3225274	64	32252.74	0.64	
2078	3225595	124	32255.95	1.24	
2079	3225930	75	32259.3	0.75	
2080	3226463	127	32264.63	1.27	
2081	3227179	102	32271.79	1.02	
2082	3228231	119	32282.31	1.19	
2083	3228706	132	32287.06	1.32	
2084	3229040	82	32290.4	0.82	
2085	3229256	44	32292.56	0.44	
2086	3230264	37	32302.64	0.37	
2087	3231061	60	32310.61	0.6	
2088	3232155	119	32321.55	1.19	
2089	3233635	81	32336.35	0.81	
2090	3234766	60	32347.66	0.6	
2091	3235361	74	32353.61	0.74	
2092	3237118	43	32371.18	0.43	
2093	3237440	57	32374.4	0.57	
2094	3238988	72	32389.88	0.72	
2095	3240207	98	32402.07	0.98	
2096	3240749	83	32407.49	0.83	
2097	3241375	79	32413.75	0.79	
2098	3245219	89	32452.19	0.89	
2099	3245949	151	32459.49	1.51	
2100	3246265	70	32462.65	0.7	
2101	3246623	106	32466.23	1.06	
2102	3250296	89	32502.96	0.89	
2103	3250949	170	32509.49	1.7	
2104	3251386	50	32513.86	0.5	
2105	3251961	73	32519.61	0.73	
2106	3252891	96	32528.91	0.96	
2107	3253877	56	32538.77	0.56	
2108	3254445	149	32544.45	1.49	
2109	3255920	66	32559.2	0.66	
2110	3256294	96	32562.94	0.96	
2111	3256463	73	32564.63	0.73	
2112	3257037	97	32570.37	0.97	
2113	3258868	109	32588.68	1.09	
2114	3259773	73	32597.73	0.73	
2115	3260509	70	32605.09	0.7	
2116	3261009	148	32610.09	1.48	
2117	3261964	64	32619.64	0.64	
2118	3262467	93	32624.67	0.93	
2119	3262967	71	32629.67	0.71	
2120	3265841	113	32658.41	1.13	
2121	3269730	66	32697.3	0.66	
2122	3270713	79	32707.13	0.79	
2123	3272501	78	32725.01	0.78	
2124	3273118	94	32731.18	0.94	
2125	3273369	78	32733.69	0.78	
2126	3273691	47	32736.91	0.47	
2127	3273789	69	32737.89	0.69	
2128	3274417	105	32744.17	1.05	
2129	3274710	71	32747.1	0.71	
2130	3275119	82	32751.19	0.82	
2131	3276058	83	32760.58	0.83	
2132	3277927	73	32779.27	0.73	
2133	3278237	86	32782.37	0.86	
2134	3282599	126	32825.99	1.26	
2135	3283115	81	32831.15	0.81	
2136	3286206	81	32862.06	0.81	
2137	3286356	68	32863.56	0.68	
2138	3286684	80	32866.84	0.8	
2139	3287098	55	32870.98	0.55	
2140	3291654	74	32916.54	0.74	
2141	3292193	57	32921.93	0.57	
2142	3293060	136	32930.6	1.36	
2143	3295636	75	32956.36	0.75	
2144	3295754	53	32957.54	0.53	
2145	3296643	81	32966.43	0.81	
2146	3297018	81	32970.18	0.81	
2147	3299738	63	32997.38	0.63	
2148	3301288	84	33012.88	0.84	
2149	3301812	37	33018.12	0.37	
2150	3301889	44	33018.89	0.44	
2151	3303057	84	33030.57	0.84	
2152	3306862	89	33068.62	0.89	
2153	3307434	64	33074.34	0.64	
2154	3308154	74	33081.54	0.74	
2155	3314884	85	33148.84	0.85	
2156	3315090	68	33150.9	0.68	
2157	3316578	86	33165.78	0.86	
2158	3320362	69	33203.62	0.69	
2159	3321038	57	33210.38	0.57	
2160	3323108	44	33231.08	0.44	
2161	3323334	80	33233.34	0.8	
2162	3328938	114	33289.38	1.14	
2163	3329455	60	33294.55	0.6	
2164	3330295	76	33302.95	0.76	
2165	3330833	62	33308.33	0.62	
2166	3332947	57	33329.47	0.57	
2167	3333352	46	33333.52	0.46	
2168	3345701	121	33457.01	1.21	
2169	3348300	128	33483	1.28	
2170	3350927	112	33509.27	1.12	
2171	3351525	213	33515.25	2.13	
2172	3352089	48	33520.89	0.48	
2173	3364587	106	33645.87	1.06	
2174	3366487	62	33664.87	0.62	
2175	3367143	30	33671.43	0.3	
2176	3369383	82	33693.83	0.82	
2177	3369679	114	33696.79	1.14	
2178	3370939	77	33709.39	0.77	
2179	3371144	67	33711.44	0.67	
2180	3372682	77	33726.82	0.77	
2181	3373372	97	33733.72	0.97	
2182	3374336	44	33743.36	0.44	
2183	3374694	125	33746.94	1.25	
2184	3375097	128	33750.97	1.28	
2185	3375462	104	33754.62	1.04	
2186	3376141	160	33761.41	1.6	
2187	3376639	155	33766.39	1.55	
2188	3377163	81	33771.63	0.81	
2189	3378903	38	33789.03	0.38	
2190	3379091	147	33790.91	1.47	
2191	3379591	148	33795.91	1.48	
2192	3380519	46	33805.19	0.46	
2193	3381605	60	33816.05	0.6	
2194	3382454	50	33824.54	0.5	
2195	3382908	77	33829.08	0.77	
2196	3386968	100	33869.68	1	
2197	3391381	71	33913.81	0.71	
2198	3392421	72	33924.21	0.72	
2199	3394684	72	33946.84	0.72	
2200	3394803	39	33948.03	0.39	
2201	3403528	87	34035.28	0.87	
2202	3404523	64	34045.23	0.64	
2203	3412077	37	34120.77	0.37	
2204	3416129	100	34161.29	1	
2205	3416617	97	34166.17	0.97	
2206	3416941	38	34169.41	0.38	
2207	3417773	125	34177.73	1.25	
2208	3418779	172	34187.79	1.72	
2209	3419731	184	34197.31	1.84	
2210	3420716	52	34207.16	0.52	
2211	3421013	37	34210.13	0.37	
2212	3421361	120	34213.61	1.2	
2213	3423184	56	34231.84	0.56	
2214	3425632	39	34256.32	0.39	
2215	3425689	97	34256.89	0.97	
2216	3426441	63	34264.41	0.63	
2217	3426861	30	34268.61	0.3	
2218	3427984	178	34279.84	1.78	
2219	3429583	108	34295.83	1.08	
2220	3431073	68	34310.73	0.68	
2221	3434761	68	34347.61	0.68	
2222	3436779	122	34367.79	1.22	
2223	3437117	34	34371.17	0.34	
2224	3438751	48	34387.51	0.48	
2225	3440544	67	34405.44	0.67	
2226	3441288	73	34412.88	0.73	
2227	3442170	57	34421.7	0.57	
2228	3442709	58	34427.09	0.58	
2229	3443150	82	34431.5	0.82	
2230	3444555	64	34445.55	0.64	
2231	3448360	69	34483.6	0.69	
2232	3449542	117	34495.42	1.17	
2233	3449928	61	34499.28	0.61	
2234	3450179	100	34501.79	1	
2235	3487100	39	34871	0.39	
2236	3488082	40	34880.82	0.4	
2237	3490259	48	34902.59	0.48	
2238	3491031	88	34910.31	0.88	
2239	3491694	138	34916.94	1.38	
2240	3492047	56	34920.47	0.56	
2241	3495316	126	34953.16	1.26	
2242	3495513	71	34955.13	0.71	
2243	3496151	114	34961.51	1.14	
2244	3497737	70	34977.37	0.7	
2245	3498120	104	34981.2	1.04	
2246	3498719	96	34987.19	0.96	
2247	3501383	73	35013.83	0.73	
2248	3502459	135	35024.59	1.35	
2249	3502748	64	35027.48	0.64	
2250	3502894	69	35028.94	0.69	
2251	3503124	103	35031.24	1.03	
2252	3503841	99	35038.41	0.99	
2253	3504189	70	35041.89	0.7	
2254	3504651	67	35046.51	0.67	
2255	3505285	96	35052.85	0.96	
2256	3505808	80	35058.08	0.8	
2257	3506694	133	35066.94	1.33	
2258	3508350	75	35083.5	0.75	
2259	3509307	126	35093.07	1.26	
2260	3509865	107	35098.65	1.07	
2261	3509991	92	35099.91	0.92	
2262	3512458	50	35124.58	0.5	
2263	3513874	179	35138.74	1.79	
2264	3515113	132	35151.13	1.32	
2265	3515634	53	35156.34	0.53	
2266	3516014	51	35160.14	0.51	
2267	3516434	110	35164.34	1.1	
2268	3516811	58	35168.11	0.58	
2269	3517103	198	35171.03	1.98	
2270	3519118	127	35191.18	1.27	
2271	3519636	39	35196.36	0.39	
2272	3519767	86	35197.67	0.86	
2273	3520288	79	35202.88	0.79	
2274	3520548	54	35205.48	0.54	
2275	3522222	53	35222.22	0.53	
2276	3525189	213	35251.89	2.13	
2277	3529553	65	35295.53	0.65	
2278	3529658	87	35296.58	0.87	
2279	3531323	78	35313.23	0.78	
2280	3531423	124	35314.23	1.24	
2281	3532974	175	35329.74	1.75	
2282	3533410	91	35334.1	0.91	
2283	3533584	91	35335.84	0.91	
2284	3534007	197	35340.07	1.97	
2285	3537291	84	35372.91	0.84	
2286	3537413	71	35374.13	0.71	
2287	3538179	144	35381.79	1.44	
2288	3538739	160	35387.39	1.6	
2289	3539235	111	35392.35	1.11	
2290	3540101	59	35401.01	0.59	
2291	3541636	127	35416.36	1.27	
2292	3542634	110	35426.34	1.1	
2293	3542863	79	35428.63	0.79	
2294	3543401	95	35434.01	0.95	
2295	3544405	59	35444.05	0.59	
2296	3544727	74	35447.27	0.74	
2297	3545194	133	35451.94	1.33	
2298	3546757	59	35467.57	0.59	
2299	3547035	54	35470.35	0.54	
2300	3547124	94	35471.24	0.94	
2301	3548310	85	35483.1	0.85	
2302	3548891	89	35488.91	0.89	
2303	3551253	117	35512.53	1.17	
2304	3551533	55	35515.33	0.55	
2305	3551730	84	35517.3	0.84	
2306	3552120	96	35521.2	0.96	
2307	3552788	55	35527.88	0.55	
2308	3553261	137	35532.61	1.37	
2309	3554208	59	35542.08	0.59	
2310	3555976	71	35559.76	0.71	
2311	3558410	55	35584.1	0.55	
2312	3558662	44	35586.62	0.44	
2313	3559231	123	35592.31	1.23	
2314	3562708	79	35627.08	0.79	
2315	3563228	53	35632.28	0.53	
2316	3564231	40	35642.31	0.4	
2317	3567471	37	35674.71	0.37	
2318	3568673	74	35686.73	0.74	
2319	3576395	37	35763.95	0.37	
2320	3577278	75	35772.78	0.75	
2321	3578018	44	35780.18	0.44	
2322	3578184	73	35781.84	0.73	
2323	3579441	55	35794.41	0.55	
2324	3580164	94	35801.64	0.94	
2325	3583280	73	35832.8	0.73	
2326	3583711	66	35837.11	0.66	
2327	3586079	92	35860.79	0.92	
2328	3589481	54	35894.81	0.54	
2329	3589622	44	35896.22	0.44	
2330	3590175	67	35901.75	0.67	
2331	3590432	93	35904.32	0.93	
2332	3590824	98	35908.24	0.98	
2333	3590931	46	35909.31	0.46	
2334	3591836	110	35918.36	1.1	
2335	3593994	36	35939.94	0.36	
2336	3594380	119	35943.8	1.19	
2337	3594691	55	35946.91	0.55	
2338	3594756	43	35947.56	0.43	
2339	3595244	30	35952.44	0.3	
2340	3595294	76	35952.94	0.76	
2341	3595794	95	35957.94	0.95	
2342	3598561	65	35985.61	0.65	
2343	3599141	94	35991.41	0.94	
2344	3599937	90	35999.37	0.9	
2345	3600743	141	36007.43	1.41	
2346	3601244	46	36012.44	0.46	
2347	3602383	84	36023.83	0.84	
2348	3602741	66	36027.41	0.66	
2349	3605942	164	36059.42	1.64	
2350	3607426	120	36074.26	1.2	
2351	3608078	101	36080.78	1.01	
2352	3610906	79	36109.06	0.79	
2353	3611387	81	36113.87	0.81	
2354	3613626	89	36136.26	0.89	
2355	3613786	42	36137.86	0.42	
2356	3616124	70	36161.24	0.7	
2357	3616343	106	36163.43	1.06	
2358	3616952	84	36169.52	0.84	
2359	3617763	71	36177.63	0.71	
2360	3620255	63	36202.55	0.63	
2361	3620543	75	36205.43	0.75	
2362	3620985	68	36209.85	0.68	
2363	3621917	45	36219.17	0.45	
2364	3622858	158	36228.58	1.58	
2365	3623726	60	36237.26	0.6	
2366	3624987	66	36249.87	0.66	
2367	3628166	81	36281.66	0.81	
2368	3629419	83	36294.19	0.83	
2369	3631390	69	36313.9	0.69	
2370	3632188	59	36321.88	0.59	
2371	3633711	91	36337.11	0.91	
2372	3635458	242	36354.58	2.42	
2373	3635967	123	36359.67	1.23	
2374	3636687	60	36366.87	0.6	
2375	3637077	60	36370.77	0.6	
2376	3637531	112	36375.31	1.12	
2377	3639711	57	36397.11	0.57	
2378	3640106	71	36401.06	0.71	
2379	3640490	36	36404.9	0.36	
2380	3640760	70	36407.6	0.7	
2381	3642823	97	36428.23	0.97	
2382	3643775	105	36437.75	1.05	
2383	3645038	92	36450.38	0.92	
2384	3646324	104	36463.24	1.04	
2385	3647734	112	36477.34	1.12	
2386	3651400	130	36514	1.3	
2387	3652762	63	36527.62	0.63	
2388	3653282	69	36532.82	0.69	
2389	3654725	90	36547.25	0.9	
2390	3656776	94	36567.76	0.94	
2391	3658855	96	36588.55	0.96	
2392	3659438	66	36594.38	0.66	
2393	3660446	36	36604.46	0.36	
2394	3660858	48	36608.58	0.48	
2395	3661751	44	36617.51	0.44	
2396	3662447	53	36624.47	0.53	
2397	3662897	44	36628.97	0.44	
2398	3665008	55	36650.08	0.55	
2399	3667114	55	36671.14	0.55	
2400	3667416	57	36674.16	0.57	
2401	3667509	71	36675.09	0.71	
2402	3667606	37	36676.06	0.37	
2403	3667711	62	36677.11	0.62	
2404	3668120	80	36681.2	0.8	
2405	3668214	62	36682.14	0.62	
2406	3674545	54	36745.45	0.54	
2407	3678888	63	36788.88	0.63	
2408	3681857	68	36818.57	0.68	
2409	3684817	145	36848.17	1.45	
2410	3685238	58	36852.38	0.58	
2411	3686185	44	36861.85	0.44	
2412	3696247	77	36962.47	0.77	
2413	3697174	85	36971.74	0.85	
2414	3726857	69	37268.57	0.69	
2415	3728533	47	37285.33	0.47	
2416	3729475	50	37294.75	0.5	
2417	3731188	57	37311.88	0.57	
2418	3731876	64	37318.76	0.64	
2419	3732304	78	37323.04	0.78	
2420	3734378	49	37343.78	0.49	
2421	3737491	62	37374.91	0.62	
2422	3739021	55	37390.21	0.55	
2423	3739882	123	37398.82	1.23	
2424	3740416	39	37404.16	0.39	
2425	3741118	86	37411.18	0.86	
2426	3742137	63	37421.37	0.63	
2427	3742504	55	37425.04	0.55	
2428	3743012	107	37430.12	1.07	
2429	3744117	42	37441.17	0.42	
2430	3747130	62	37471.3	0.62	
2431	3747827	80	37478.27	0.8	
2432	3748471	133	37484.71	1.33	
2433	3749221	56	37492.21	0.56	
2434	3749850	68	37498.5	0.68	
2435	3755516	44	37555.16	0.44	
2436	3756683	130	37566.83	1.3	
2437	3757806	59	37578.06	0.59	
2438	3759124	43	37591.24	0.43	
2439	3760247	45	37602.47	0.45	
2440	3760700	50	37607	0.5	
2441	3762020	71	37620.2	0.71	
2442	3764778	64	37647.78	0.64	
2443	3766308	52	37663.08	0.52	
2444	3767142	136	37671.42	1.36	
2445	3770347	84	37703.47	0.84	
2446	3771129	91	37711.29	0.91	
2447	3772729	57	37727.29	0.57	
2448	3773935	87	37739.35	0.87	
2449	3774748	52	37747.48	0.52	
2450	3776912	107	37769.12	1.07	
2451	3780145	93	37801.45	0.93	
2452	3780971	46	37809.71	0.46	
2453	3783056	73	37830.56	0.73	
2454	3783545	52	37835.45	0.52	
2455	3789925	60	37899.25	0.6	
2456	3795509	46	37955.09	0.46	
2457	3799858	37	37998.58	0.37	
2458	3803498	57	38034.98	0.57	
2459	3804952	65	38049.52	0.65	
2460	3814126	64	38141.26	0.64	
2461	3830227	40	38302.27	0.4	
2462	3831870	69	38318.7	0.69	
2463	3834867	41	38348.67	0.41	
2464	3840721	52	38407.21	0.52	
2465	3849179	55	38491.79	0.55	
2466	3849404	98	38494.04	0.98	
2467	3851220	110	38512.2	1.1	
2468	3854651	35	38546.51	0.35	
2469	3856550	144	38565.5	1.44	
2470	3857894	53	38578.94	0.53	
2471	3860278	106	38602.78	1.06	
2472	3863244	86	38632.44	0.86	
2473	3866641	80	38666.41	0.8	
2474	3867474	43	38674.74	0.43	
2475	3867976	48	38679.76	0.48	
2476	3868318	163	38683.18	1.63	
2477	3869307	55	38693.07	0.55	
2478	3870124	94	38701.24	0.94	
2479	3870734	79	38707.34	0.79	
2480	3873125	87	38731.25	0.87	
2481	3874745	126	38747.45	1.26	
2482	3875069	111	38750.69	1.11	
2483	3875471	108	38754.71	1.08	
2484	3877428	56	38774.28	0.56	
2485	3883120	76	38831.2	0.76	
2486	3884073	39	38840.73	0.39	
2487	3886730	39	38867.3	0.39	
2488	3890239	67	38902.39	0.67	
2489	3891920	79	38919.2	0.79	
2490	3892020	69	38920.2	0.69	
2491	3896135	77	38961.35	0.77	
2492	3898677	68	38986.77	0.68	
2493	3904345	47	39043.45	0.47	
2494	3912648	72	39126.48	0.72	
2495	3915943	75	39159.43	0.75	
2496	3919656	102	39196.56	1.02	
2497	3926353	86	39263.53	0.86	
2498	3930535	91	39305.35	0.91	
2499	3940496	100	39404.96	1	
2500	3941807	54	39418.07	0.54	
2501	3945226	81	39452.26	0.81	
2502	3946939	69	39469.39	0.69	
2503	3947345	53	39473.45	0.53	
2504	3948618	64	39486.18	0.64	
2505	3955258	46	39552.58	0.46	
2506	3956147	92	39561.47	0.92	
2507	3958682	118	39586.82	1.18	
2508	3960978	109	39609.78	1.09	
2509	3962146	67	39621.46	0.67	
2510	3963705	89	39637.05	0.89	
2511	3966204	62	39662.04	0.62	
2512	3968022	71	39680.22	0.71	
2513	3968940	55	39689.4	0.55	
2514	3969018	58	39690.18	0.58	
2515	3970969	57	39709.69	0.57	
2516	3971593	96	39715.93	0.96	
2517	3972114	44	39721.14	0.44	
2518	3976591	107	39765.91	1.07	
2519	3978645	74	39786.45	0.74	
2520	3979369	87	39793.69	0.87	
2521	3982687	50	39826.87	0.5	
2522	3983219	41	39832.19	0.41	
2523	3984164	100	39841.64	1	
2524	3984354	46	39843.54	0.46	
2525	3984704	48	39847.04	0.48	
2526	3986480	106	39864.8	1.06	
2527	3990917	86	39909.17	0.86	
2528	3993669	104	39936.69	1.04	
2529	3994161	68	39941.61	0.68	
2530	3995226	41	39952.26	0.41	
2531	3996149	77	39961.49	0.77	
2532	3997925	87	39979.25	0.87	
2533	4014403	69	40144.03	0.69	
2534	4017283	52	40172.83	0.52	
2535	4018155	94	40181.55	0.94	
2536	4019283	85	40192.83	0.85	
2537	4019797	54	40197.97	0.54	
2538	4020489	30	40204.89	0.3	
2539	4030095	46	40300.95	0.46	
2540	4030950	52	40309.5	0.52	
2541	4033157	43	40331.57	0.43	
2542	4038258	55	40382.58	0.55	
2543	4044797	48	40447.97	0.48	
2544	4056209	84	40562.09	0.84	
2545	4060165	98	40601.65	0.98	
2546	4060751	41	40607.51	0.41	
2547	4062082	71	40620.82	0.71	
2548	4062476	90	40624.76	0.9	
2549	4062789	55	40627.89	0.55	
2550	4063085	74	40630.85	0.74	
2551	4067831	55	40678.31	0.55	
2552	4069022	58	40690.22	0.58	
2553	4070908	74	40709.08	0.74	
2554	4071869	40	40718.69	0.4	
2555	4074391	52	40743.91	0.52	
2556	4075591	44	40755.91	0.44	
2557	4078037	55	40780.37	0.55	
2558	4079968	72	40799.68	0.72	
2559	4080344	30	40803.44	0.3	
2560	4080747	39	40807.47	0.39	
2561	4081552	65	40815.52	0.65	
2562	4083612	39	40836.12	0.39	
2563	4085707	78	40857.07	0.78	
2564	4089448	109	40894.48	1.09	
2565	4090963	83	40909.63	0.83	
2566	4091841	38	40918.41	0.38	
2567	4092800	43	40928	0.43	
2568	4096686	113	40966.86	1.13	
2569	4098780	66	40987.8	0.66	
2570	4099957	75	40999.57	0.75	
2571	4100656	57	41006.56	0.57	
2572	4101413	119	41014.13	1.19	
2573	4102799	84	41027.99	0.84	
2574	4103791	46	41037.91	0.46	
2575	4106985	106	41069.85	1.06	
2576	4107408	72	41074.08	0.72	
2577	4107666	82	41076.66	0.82	
2578	4108129	80	41081.29	0.8	
2579	4108926	78	41089.26	0.78	
2580	4109819	87	41098.19	0.87	
2581	4110552	54	41105.52	0.54	
2582	4111642	64	41116.42	0.64	
2583	4112819	141	41128.19	1.41	
2584	4115080	93	41150.8	0.93	
2585	4116188	73	41161.88	0.73	
2586	4116801	91	41168.01	0.91	
2587	4117907	90	41179.07	0.9	
2588	4121825	44	41218.25	0.44	
2589	4124325	30	41243.25	0.3	
2590	4126913	38	41269.13	0.38	
2591	4127630	78	41276.3	0.78	
2592	4128567	79	41285.67	0.79	
2593	4129689	72	41296.89	0.72	
2594	4129946	60	41299.46	0.6	
2595	4130576	78	41305.76	0.78	
2596	4132138	103	41321.38	1.03	
2597	4135135	37	41351.35	0.37	
2598	4137520	73	41375.2	0.73	
2599	4138347	73	41383.47	0.73	
2600	4141903	73	41419.03	0.73	
2601	4145072	72	41450.72	0.72	
2602	4145524	48	41455.24	0.48	
2603	4146044	67	41460.44	0.67	
2604	4146643	52	41466.43	0.52	
2605	4148825	92	41488.25	0.92	
2606	4149156	69	41491.56	0.69	
2607	4151293	101	41512.93	1.01	
2608	4151963	50	41519.63	0.5	
2609	4152347	106	41523.47	1.06	
2610	4153400	64	41534	0.64	
2611	4157265	73	41572.65	0.73	
2612	4163889	52	41638.89	0.52	
2613	4165115	70	41651.15	0.7	
2614	4169863	82	41698.63	0.82	
2615	4170474	57	41704.74	0.57	
2616	4172474	84	41724.74	0.84	
2617	4172797	60	41727.97	0.6	
2618	4174919	95	41749.19	0.95	
2619	4175584	171	41755.84	1.71	
2620	4176381	68	41763.81	0.68	
2621	4177017	57	41770.17	0.57	
2622	4177218	71	41772.18	0.71	
2623	4178245	66	41782.45	0.66	
2624	4181617	86	41816.17	0.86	
2625	4182179	80	41821.79	0.8	
2626	4182786	107	41827.86	1.07	
2627	4183242	99	41832.42	0.99	
2628	4183595	74	41835.95	0.74	
2629	4185292	37	41852.92	0.37	
2630	4185390	58	41853.9	0.58	
2631	4185752	123	41857.52	1.23	
2632	4186099	81	41860.99	0.81	
2633	4186724	57	41867.24	0.57	
2634	4186909	91	41869.09	0.91	
2635	4187528	85	41875.28	0.85	
2636	4188805	110	41888.05	1.1	
2637	4189307	107	41893.07	1.07	
2638	4190025	87	41900.25	0.87	
2639	4190751	121	41907.51	1.21	
2640	4191143	126	41911.43	1.26	
2641	4191375	50	41913.75	0.5	
2642	4191597	69	41915.97	0.69	
2643	4192218	70	41922.18	0.7	
2644	4192836	91	41928.36	0.91	
2645	4193746	44	41937.46	0.44	
2646	4194143	157	41941.43	1.57	
2647	4194634	86	41946.34	0.86	
2648	4194834	48	41948.34	0.48	
2649	4194942	44	41949.42	0.44	
2650	4195503	112	41955.03	1.12	
2651	4196032	55	41960.32	0.55	
2652	4196217	65	41962.17	0.65	
2653	4196432	119	41964.32	1.19	
2654	4197165	62	41971.65	0.62	
2655	4197980	60	41979.8	0.6	
2656	4198414	57	41984.14	0.57	
2657	4198917	72	41989.17	0.72	
2658	4199376	70	41993.76	0.7	
2659	4200248	64	42002.48	0.64	
2660	4200968	84	42009.68	0.84	
2661	4201425	87	42014.25	0.87	
2662	4202070	62	42020.7	0.62	
2663	4202784	72	42027.84	0.72	
2664	4204410	46	42044.1	0.46	
2665	4204849	46	42048.49	0.46	
2666	4205088	58	42050.88	0.58	
2667	4205299	30	42052.99	0.3	
2668	4205662	71	42056.62	0.71	
2669	4206168	136	42061.68	1.36	
2670	4207319	69	42073.19	0.69	
2671	4207698	56	42076.98	0.56	
2672	4208247	53	42082.47	0.53	
2673	4208833	43	42088.33	0.43	
2674	4209201	53	42092.01	0.53	
2675	4209746	183	42097.46	1.83	
2676	4211270	81	42112.7	0.81	
2677	4211570	46	42115.7	0.46	
2678	4212072	84	42120.72	0.84	
2679	4213020	52	42130.2	0.52	
2680	4213317	110	42133.17	1.1	
2681	4214811	55	42148.11	0.55	
2682	4215317	93	42153.17	0.93	
2683	4215697	100	42156.97	1	
2684	4216873	108	42168.73	1.08	
2685	4217171	82	42171.71	0.82	
2686	4221062	57	42210.62	0.57	
2687	4221535	56	42215.35	0.56	
2688	4221972	136	42219.72	1.36	
2689	4222534	143	42225.34	1.43	
2690	4223065	114	42230.65	1.14	
2691	4223404	154	42234.04	1.54	
2692	4223785	72	42237.85	0.72	
2693	4224197	145	42241.97	1.45	
2694	4224651	94	42246.51	0.94	
2695	4226646	107	42266.46	1.07	
2696	4228376	160	42283.76	1.6	
2697	4228868	128	42288.68	1.28	
2698	4229181	96	42291.81	0.96	
2699	4229976	130	42299.76	1.3	
2700	4231347	77	42313.47	0.77	
2701	4231858	124	42318.58	1.24	
2702	4235567	85	42355.67	0.85	
2703	4235919	60	42359.19	0.6	
2704	4236669	103	42366.69	1.03	
2705	4237105	69	42371.05	0.69	
2706	4239166	92	42391.66	0.92	
2707	4239572	52	42395.72	0.52	
2708	4243576	190	42435.76	1.9	
2709	4245326	53	42453.26	0.53	
2710	4245536	30	42455.36	0.3	
2711	4257921	54	42579.21	0.54	
2712	4259031	50	42590.31	0.5	
2713	4264080	73	42640.8	0.73	
2714	4265569	39	42655.69	0.39	
2715	4265783	72	42657.83	0.72	
2716	4268517	71	42685.17	0.71	
2717	4269171	47	42691.71	0.47	
2718	4269350	64	42693.5	0.64	
2719	4270392	74	42703.92	0.74	
2720	4272302	69	42723.02	0.69	
2721	4273036	66	42730.36	0.66	
2722	4273333	51	42733.33	0.51	
2723	4276695	64	42766.95	0.64	
2724	4277900	65	42779	0.65	
2725	4279157	30	42791.57	0.3	
2726	4280307	61	42803.07	0.61	
2727	4280791	41	42807.91	0.41	
2728	4281220	97	42812.2	0.97	
2729	4282166	71	42821.66	0.71	
2730	4282536	92	42825.36	0.92	
2731	4283556	56	42835.56	0.56	
2732	4283824	88	42838.24	0.88	
2733	4284763	98	42847.63	0.98	
2734	4285115	73	42851.15	0.73	
2735	4285204	57	42852.04	0.57	
2736	4288194	31	42881.94	0.31	
2737	4290640	148	42906.4	1.48	
2738	4291171	104	42911.71	1.04	
2739	4291634	86	42916.34	0.86	
2740	4294072	47	42940.72	0.47	
2741	4296044	101	42960.44	1.01	
2742	4297092	55	42970.92	0.55	
2743	4299687	59	42996.87	0.59	
2744	4302120	96	43021.2	0.96	
2745	4302847	32	43028.47	0.32	
2746	4306008	82	43060.08	0.82	
2747	4306624	74	43066.24	0.74	
2748	4307043	64	43070.43	0.64	
2749	4307868	34	43078.68	0.34	
2750	4308232	79	43082.32	0.79	
2751	4308982	39	43089.82	0.39	
2752	4309782	50	43097.82	0.5	
2753	4311061	46	43110.61	0.46	
2754	4312820	50	43128.2	0.5	
2755	4313873	39	43138.73	0.39	
2756	4314000	69	43140	0.69	
2757	4318862	102	43188.62	1.02	
2758	4320173	83	43201.73	0.83	
2759	4320618	109	43206.18	1.09	
2760	4320948	76	43209.48	0.76	
2761	4321179	103	43211.79	1.03	
2762	4321565	86	43215.65	0.86	
2763	4321876	74	43218.76	0.74	
2764	4322134	86	43221.34	0.86	
2765	4323193	89	43231.93	0.89	
2766	4324026	64	43240.26	0.64	
2767	4325011	99	43250.11	0.99	
2768	4325950	79	43259.5	0.79	
2769	4331116	60	43311.16	0.6	
2770	4332315	104	43323.15	1.04	
2771	4332660	89	43326.6	0.89	
2772	4332999	70	43329.99	0.7	
2773	4333327	112	43333.27	1.12	
2774	4334805	65	43348.05	0.65	
2775	4335105	78	43351.05	0.78	
2776	4335631	77	43356.31	0.77	
2777	4336068	69	43360.68	0.69	
2778	4336420	46	43364.2	0.46	
2779	4337791	66	43377.91	0.66	
2780	4339019	94	43390.19	0.94	
2781	4339275	56	43392.75	0.56	
2782	4340766	76	43407.66	0.76	
2783	4341770	71	43417.7	0.71	
2784	4345301	101	43453.01	1.01	
2785	4346726	81	43467.26	0.81	
2786	4347111	46	43471.11	0.46	
2787	4347533	56	43475.33	0.56	
2788	4348732	43	43487.32	0.43	
2789	4350045	60	43500.45	0.6	
2790	4350162	64	43501.62	0.64	
2791	4357624	62	43576.24	0.62	
2792	4377864	100	43778.64	1	
2793	4379331	59	43793.31	0.59	
2794	4381888	65	43818.88	0.65	
2795	4382254	113	43822.54	1.13	
2796	4382773	148	43827.73	1.48	
2797	4383643	199	43836.43	1.99	
2798	4384163	136	43841.63	1.36	
2799	4384824	94	43848.24	0.94	
2800	4385279	83	43852.79	0.83	
2801	4386700	43	43867	0.43	
2802	4387171	92	43871.71	0.92	
2803	4389128	79	43891.28	0.79	
2804	4389336	65	43893.36	0.65	
2805	4390657	78	43906.57	0.78	
2806	4390959	78	43909.59	0.78	
2807	4391710	70	43917.1	0.7	
2808	4392483	71	43924.83	0.71	
2809	4393103	120	43931.03	1.2	
2810	4393571	45	43935.71	0.45	
2811	4395390	30	43953.9	0.3	
2812	4395458	71	43954.58	0.71	
2813	4395728	149	43957.28	1.49	
2814	4396282	119	43962.82	1.19	
2815	4396732	99	43967.32	0.99	
2816	4397239	110	43972.39	1.1	
2817	4398224	47	43982.24	0.47	
2818	4398301	46	43983.01	0.46	
2819	4398898	77	43988.98	0.77	
2820	4399007	85	43990.07	0.85	
2821	4399849	69	43998.49	0.69	
2822	4402153	82	44021.53	0.82	
2823	4402417	59	44024.17	0.59	
2824	4403631	151	44036.31	1.51	
2825	4403916	76	44039.16	0.76	
2826	4404376	34	44043.76	0.34	
2827	4404773	80	44047.73	0.8	
2828	4405562	76	44055.62	0.76	
2829	4405903	40	44059.03	0.4	
2830	4406024	55	44060.24	0.55	
2831	4406372	101	44063.72	1.01	
2832	4409709	81	44097.09	0.81	
2833	4410048	132	44100.48	1.32	
2834	4410683	72	44106.83	0.72	
2835	4412211	173	44122.11	1.73	
2836	4412865	91	44128.65	0.91	
2837	4413161	44	44131.61	0.44	
2838	4413579	50	44135.79	0.5	
2839	4414227	74	44142.27	0.74	
2840	4414742	94	44147.42	0.94	
2841	4415015	53	44150.15	0.53	
2842	4416143	37	44161.43	0.37	
2843	4417891	89	44178.91	0.89	
2844	4418010	96	44180.1	0.96	
2845	4418783	122	44187.83	1.22	
2846	4419222	56	44192.22	0.56	
2847	4419369	97	44193.69	0.97	
2848	4419908	66	44199.08	0.66	
2849	4421059	91	44210.59	0.91	
2850	4421452	126	44214.52	1.26	
2851	4421935	67	44219.35	0.67	
2852	4422026	45	44220.26	0.45	
2853	4422718	68	44227.18	0.68	
2854	4426719	63	44267.19	0.63	
2855	4426809	32	44268.09	0.32	
2856	4428525	131	44285.25	1.31	
2857	4428901	110	44289.01	1.1	
2858	4430477	67	44304.77	0.67	
2859	4431616	111	44316.16	1.11	
2860	4435798	101	44357.98	1.01	
2861	4436316	157	44363.16	1.57	
2862	4436632	197	44366.32	1.97	
2863	4437039	90	44370.39	0.9	
2864	4437680	99	44376.8	0.99	
2865	4438034	150	44380.34	1.5	
2866	4438412	107	44384.12	1.07	
2867	4438740	69	44387.4	0.69	
2868	4443447	98	44434.47	0.98	
2869	4445599	87	44455.99	0.87	
2870	4445934	92	44459.34	0.92	
2871	4447357	101	44473.57	1.01	
2872	4447898	163	44478.98	1.63	
2873	4449154	119	44491.54	1.19	
2874	4450902	120	44509.02	1.2	
2875	4451526	48	44515.26	0.48	
2876	4451848	81	44518.48	0.81	
2877	4452035	64	44520.35	0.64	
2878	4452483	94	44524.83	0.94	
2879	4453590	94	44535.9	0.94	
2880	4454988	158	44549.88	1.58	
2881	4455525	158	44555.25	1.58	
2882	4456032	51	44560.32	0.51	
2883	4456553	39	44565.53	0.39	
2884	4457011	122	44570.11	1.22	
2885	4459539	99	44595.39	0.99	
2886	4460911	96	44609.11	0.96	
2887	4461234	121	44612.34	1.21	
2888	4461999	79	44619.99	0.79	
2889	4462661	103	44626.61	1.03	
2890	4463750	102	44637.5	1.02	
2891	4464889	145	44648.89	1.45	
2892	4465864	121	44658.64	1.21	
2893	4466465	71	44664.65	0.71	
2894	4467906	91	44679.06	0.91	
2895	4468425	84	44684.25	0.84	
2896	4469265	182	44692.65	1.82	
2897	4474898	59	44748.98	0.59	
2898	4476608	71	44766.08	0.71	
2899	4477427	99	44774.27	0.99	
2900	4477954	71	44779.54	0.71	
2901	4480554	119	44805.54	1.19	
2902	4481588	67	44815.88	0.67	
2903	4520248	68	45202.48	0.68	
2904	4520388	39	45203.88	0.39	
2905	4520596	173	45205.96	1.73	
2906	4520888	76	45208.88	0.76	
2907	4521497	117	45214.97	1.17	
2908	4523791	119	45237.91	1.19	
2909	4527108	37	45271.08	0.37	
2910	4527391	133	45273.91	1.33	
2911	4531974	61	45319.74	0.61	
2912	4532137	71	45321.37	0.71	
2913	4532363	69	45323.63	0.69	
2914	4532847	49	45328.47	0.49	
2915	4532954	85	45329.54	0.85	
2916	4533144	65	45331.44	0.65	
2917	4533426	72	45334.26	0.72	
2918	4533630	91	45336.3	0.91	
2919	4535229	68	45352.29	0.68	
2920	4535802	60	45358.02	0.6	
2921	4536859	101	45368.59	1.01	
2922	4537058	53	45370.58	0.53	
2923	4537357	71	45373.57	0.71	
2924	4537447	92	45374.47	0.92	
2925	4538296	85	45382.96	0.85	
2926	4538728	166	45387.28	1.66	
2927	4539200	185	45392	1.85	
2928	4539918	175	45399.18	1.75	
2929	4540950	87	45409.5	0.87	
2930	4542159	101	45421.59	1.01	
2931	4542795	98	45427.95	0.98	
2932	4543124	66	45431.24	0.66	
2933	4543959	121	45439.59	1.21	
2934	4544333	169	45443.33	1.69	
2935	4544993	62	45449.93	0.62	
2936	4545452	54	45454.52	0.54	
2937	4551730	64	45517.3	0.64	
2938	4552233	51	45522.33	0.51	
2939	4552298	58	45522.98	0.58	
2940	4552768	64	45527.68	0.64	
2941	4553473	94	45534.73	0.94	
2942	4554023	118	45540.23	1.18	
2943	4567281	54	45672.81	0.54	
2944	4570151	47	45701.51	0.47	
2945	4570700	60	45707	0.6	
2946	4588684	75	45886.84	0.75	
2947	4589633	101	45896.33	1.01	
2948	4590108	80	45901.08	0.8	
2949	4593999	58	45939.99	0.58	
2950	4594286	64	45942.86	0.64	
2951	4595669	77	45956.69	0.77	
2952	4597304	67	45973.04	0.67	
2953	4598234	161	45982.34	1.61	
2954	4598648	86	45986.48	0.86	
2955	4599542	92	45995.42	0.92	
2956	4600051	72	46000.51	0.72	
2957	4604212	61	46042.12	0.61	
2958	4606373	80	46063.73	0.8	
2959	4606693	125	46066.93	1.25	
2960	4608536	119	46085.36	1.19	
2961	4609342	90	46093.42	0.9	
2962	4610351	60	46103.51	0.6	
2963	4610653	71	46106.53	0.71	
2964	4611064	107	46110.64	1.07	
2965	4613155	92	46131.55	0.92	
2966	4614245	105	46142.45	1.05	
2967	4615541	90	46155.41	0.9	
2968	4616820	78	46168.2	0.78	
2969	4619340	128	46193.4	1.28	
2970	4620987	59	46209.87	0.59	
2971	4621467	85	46214.67	0.85	
2972	4623185	81	46231.85	0.81	
