eventNum	startSamples	durationSamples	startSec	durationSec	
1	1647	94	16.47	0.94	
2	1845	86	18.45	0.86	
3	2057	133	20.57	1.33	
4	2520	105	25.2	1.05	
5	2930	51	29.3	0.51	
6	3543	99	35.43	0.99	
7	3887	111	38.87	1.11	
8	5406	60	54.06	0.6	
9	13010	105	130.1	1.05	
10	16836	54	168.36	0.54	
11	17696	77	176.96	0.77	
12	19684	87	196.84	0.87	
13	20067	57	200.67	0.57	
14	21752	93	217.52	0.93	
15	22748	99	227.48	0.99	
16	23246	92	232.46	0.92	
17	23489	64	234.89	0.64	
18	24337	57	243.37	0.57	
19	26005	60	260.05	0.6	
20	27010	121	270.1	1.21	
21	27283	116	272.83	1.16	
22	27414	89	274.14	0.89	
23	27683	137	276.83	1.37	
24	28175	119	281.75	1.19	
25	29855	74	298.55	0.74	
26	30543	144	305.43	1.44	
27	31089	52	310.89	0.52	
28	31321	94	313.21	0.94	
29	31792	130	317.92	1.3	
30	36897	97	368.97	0.97	
31	40599	71	405.99	0.71	
32	42151	69	421.51	0.69	
33	43057	41	430.57	0.41	
34	43257	79	432.57	0.79	
35	43966	84	439.66	0.84	
36	44069	46	440.69	0.46	
37	44467	91	444.67	0.91	
38	44845	51	448.45	0.51	
39	46168	87	461.68	0.87	
40	46284	184	462.84	1.84	
41	46817	49	468.17	0.49	
42	49026	37	490.26	0.37	
43	49443	98	494.43	0.98	
44	49969	109	499.69	1.09	
45	50505	127	505.05	1.27	
46	50908	77	509.08	0.77	
47	51142	55	511.42	0.55	
48	51474	76	514.74	0.76	
49	51920	111	519.2	1.11	
50	52806	71	528.06	0.71	
51	53336	91	533.36	0.91	
52	53803	105	538.03	1.05	
53	56172	107	561.72	1.07	
54	56538	63	565.38	0.63	
55	56928	47	569.28	0.47	
56	57279	54	572.79	0.54	
57	57616	51	576.16	0.51	
58	58796	64	587.96	0.64	
59	59476	72	594.76	0.72	
60	60835	76	608.35	0.76	
61	63909	53	639.09	0.53	
62	64877	76	648.77	0.76	
63	65190	80	651.9	0.8	
64	69338	95	693.38	0.95	
65	69750	45	697.5	0.45	
66	69829	55	698.29	0.55	
67	70355	152	703.55	1.52	
68	70897	174	708.97	1.74	
69	71263	83	712.63	0.83	
70	71354	83	713.54	0.83	
71	72751	136	727.51	1.36	
72	73403	51	734.03	0.51	
73	73491	115	734.91	1.15	
74	73725	120	737.25	1.2	
75	76596	76	765.96	0.76	
76	77245	71	772.45	0.71	
77	78956	85	789.56	0.85	
78	79431	96	794.31	0.96	
79	80275	61	802.75	0.61	
80	81578	42	815.78	0.42	
81	82662	87	826.62	0.87	
82	84159	80	841.59	0.8	
83	84281	96	842.81	0.96	
84	84512	104	845.12	1.04	
85	85674	65	856.74	0.65	
86	87399	121	873.99	1.21	
87	87878	172	878.78	1.72	
88	88626	120	886.26	1.2	
89	89704	63	897.04	0.63	
90	90045	73	900.45	0.73	
91	90467	119	904.67	1.19	
92	91000	158	910	1.58	
93	91473	97	914.73	0.97	
94	91776	119	917.76	1.19	
95	92048	58	920.48	0.58	
96	92375	192	923.75	1.92	
97	92890	96	928.9	0.96	
98	93295	101	932.95	1.01	
99	94070	80	940.7	0.8	
100	96076	79	960.76	0.79	
101	96591	61	965.91	0.61	
102	97168	104	971.68	1.04	
103	98559	53	985.59	0.53	
104	98770	91	987.7	0.91	
105	99551	64	995.51	0.64	
106	100758	60	1007.58	0.6	
107	101259	71	1012.59	0.71	
108	102461	57	1024.61	0.57	
109	102986	60	1029.86	0.6	
110	104460	78	1044.6	0.78	
111	104838	133	1048.38	1.33	
112	105298	120	1052.98	1.2	
113	105732	85	1057.32	0.85	
114	106114	71	1061.14	0.71	
115	107159	66	1071.59	0.66	
116	107728	42	1077.28	0.42	
117	109247	52	1092.47	0.52	
118	110568	61	1105.68	0.61	
119	111050	87	1110.5	0.87	
120	111454	104	1114.54	1.04	
121	111906	51	1119.06	0.51	
122	112288	40	1122.88	0.4	
123	113627	84	1136.27	0.84	
124	117460	74	1174.6	0.74	
125	118119	69	1181.19	0.69	
126	118431	40	1184.31	0.4	
127	122838	96	1228.38	0.96	
128	123057	78	1230.57	0.78	
129	124888	46	1248.88	0.46	
130	125794	60	1257.94	0.6	
131	129423	51	1294.23	0.51	
132	133567	59	1335.67	0.59	
133	135188	95	1351.88	0.95	
134	137158	57	1371.58	0.57	
135	142923	97	1429.23	0.97	
136	144817	88	1448.17	0.88	
137	147634	38	1476.34	0.38	
138	147747	76	1477.47	0.76	
139	148427	70	1484.27	0.7	
140	152695	59	1526.95	0.59	
141	160517	65	1605.17	0.65	
142	168997	62	1689.97	0.62	
143	169732	103	1697.32	1.03	
144	171140	54	1711.4	0.54	
145	173079	82	1730.79	0.82	
146	174090	49	1740.9	0.49	
147	174170	44	1741.7	0.44	
148	174823	61	1748.23	0.61	
149	181979	49	1819.79	0.49	
150	183726	54	1837.26	0.54	
151	185054	89	1850.54	0.89	
152	187852	92	1878.52	0.92	
153	188450	62	1884.5	0.62	
154	188848	103	1888.48	1.03	
155	189891	147	1898.91	1.47	
156	191046	71	1910.46	0.71	
157	191254	61	1912.54	0.61	
158	191735	64	1917.35	0.64	
159	191953	33	1919.53	0.33	
160	192359	98	1923.59	0.98	
161	193420	65	1934.2	0.65	
162	193673	79	1936.73	0.79	
163	193833	96	1938.33	0.96	
164	193998	60	1939.98	0.6	
165	194410	95	1944.1	0.95	
166	194865	84	1948.65	0.84	
167	195681	38	1956.81	0.38	
168	196184	57	1961.84	0.57	
169	196268	64	1962.68	0.64	
170	198460	56	1984.6	0.56	
171	199098	68	1990.98	0.68	
172	201124	100	2011.24	1	
173	201421	69	2014.21	0.69	
174	202916	88	2029.16	0.88	
175	203258	80	2032.58	0.8	
176	204011	53	2040.11	0.53	
177	205517	64	2055.17	0.64	
178	205937	56	2059.37	0.56	
179	207023	53	2070.23	0.53	
180	207536	81	2075.36	0.81	
181	211582	87	2115.82	0.87	
182	212563	71	2125.63	0.71	
183	213193	93	2131.93	0.93	
184	214610	88	2146.1	0.88	
185	214849	113	2148.49	1.13	
186	215413	123	2154.13	1.23	
187	215761	69	2157.61	0.69	
188	217898	116	2178.98	1.16	
189	218260	98	2182.6	0.98	
190	220706	76	2207.06	0.76	
191	221588	52	2215.88	0.52	
192	223076	80	2230.76	0.8	
193	223396	58	2233.96	0.58	
194	223866	88	2238.66	0.88	
195	224268	54	2242.68	0.54	
196	225384	127	2253.84	1.27	
197	225822	98	2258.22	0.98	
198	226530	70	2265.3	0.7	
199	227534	148	2275.34	1.48	
200	228221	120	2282.21	1.2	
201	228614	101	2286.14	1.01	
202	229706	86	2297.06	0.86	
203	232584	44	2325.84	0.44	
204	237659	74	2376.59	0.74	
205	238004	52	2380.04	0.52	
206	248243	49	2482.43	0.49	
207	248328	44	2483.28	0.44	
208	254937	131	2549.37	1.31	
209	256054	54	2560.54	0.54	
210	258588	112	2585.88	1.12	
211	258951	67	2589.51	0.67	
212	259500	59	2595	0.59	
213	262695	51	2626.95	0.51	
214	263171	68	2631.71	0.68	
215	264006	71	2640.06	0.71	
216	269102	156	2691.02	1.56	
217	271078	144	2710.78	1.44	
218	271878	95	2718.78	0.95	
219	273033	50	2730.33	0.5	
220	275252	53	2752.52	0.53	
221	276651	138	2766.51	1.38	
222	278339	91	2783.39	0.91	
223	279816	102	2798.16	1.02	
224	279985	70	2799.85	0.7	
225	282429	102	2824.29	1.02	
226	284927	51	2849.27	0.51	
227	286332	93	2863.32	0.93	
228	293769	50	2937.69	0.5	
229	299068	49	2990.68	0.49	
230	299339	82	2993.39	0.82	
231	299508	93	2995.08	0.93	
232	299913	129	2999.13	1.29	
233	304464	129	3044.64	1.29	
234	306503	116	3065.03	1.16	
235	306947	93	3069.47	0.93	
236	307271	39	3072.71	0.39	
237	307370	43	3073.7	0.43	
238	308950	69	3089.5	0.69	
239	311158	143	3111.58	1.43	
240	311673	83	3116.73	0.83	
241	312454	164	3124.54	1.64	
242	313127	59	3131.27	0.59	
243	313913	59	3139.13	0.59	
244	316157	44	3161.57	0.44	
245	318681	93	3186.81	0.93	
246	324785	68	3247.85	0.68	
247	326339	52	3263.39	0.52	
248	328845	56	3288.45	0.56	
249	330198	74	3301.98	0.74	
250	331085	63	3310.85	0.63	
251	334502	46	3345.02	0.46	
252	341653	48	3416.53	0.48	
253	342037	60	3420.37	0.6	
254	342434	47	3424.34	0.47	
255	346525	47	3465.25	0.47	
256	347208	82	3472.08	0.82	
257	347548	73	3475.48	0.73	
258	349481	52	3494.81	0.52	
259	350575	41	3505.75	0.41	
260	351343	98	3513.43	0.98	
261	352010	104	3520.1	1.04	
262	352805	71	3528.05	0.71	
263	353007	79	3530.07	0.79	
264	353193	64	3531.93	0.64	
265	353568	79	3535.68	0.79	
266	353872	48	3538.72	0.48	
267	354484	92	3544.84	0.92	
268	355172	49	3551.72	0.49	
269	355329	97	3553.29	0.97	
270	355568	85	3555.68	0.85	
271	355792	47	3557.92	0.47	
272	356123	67	3561.23	0.67	
273	356309	139	3563.09	1.39	
274	356689	142	3566.89	1.42	
275	357038	106	3570.38	1.06	
276	358862	63	3588.62	0.63	
277	359319	44	3593.19	0.44	
278	359474	51	3594.74	0.51	
279	359776	100	3597.76	1	
280	360452	75	3604.52	0.75	
281	360856	69	3608.56	0.69	
282	361165	41	3611.65	0.41	
283	363736	56	3637.36	0.56	
284	366368	97	3663.68	0.97	
285	367212	59	3672.12	0.59	
286	367915	44	3679.15	0.44	
287	369741	96	3697.41	0.96	
288	370376	73	3703.76	0.73	
289	370727	93	3707.27	0.93	
290	372171	51	3721.71	0.51	
291	372747	65	3727.47	0.65	
292	373154	60	3731.54	0.6	
293	375811	37	3758.11	0.37	
294	375913	71	3759.13	0.71	
295	376322	73	3763.22	0.73	
296	377073	75	3770.73	0.75	
297	377530	67	3775.3	0.67	
298	380691	103	3806.91	1.03	
299	381852	81	3818.52	0.81	
300	384357	49	3843.57	0.49	
301	384753	47	3847.53	0.47	
302	386433	32	3864.33	0.32	
303	386814	47	3868.14	0.47	
304	388663	83	3886.63	0.83	
305	390428	110	3904.28	1.1	
306	393376	67	3933.76	0.67	
307	393949	55	3939.49	0.55	
308	394925	50	3949.25	0.5	
309	395055	38	3950.55	0.38	
310	396878	85	3968.78	0.85	
311	397694	83	3976.94	0.83	
312	400065	125	4000.65	1.25	
313	400469	53	4004.69	0.53	
314	403051	55	4030.51	0.55	
315	403817	58	4038.17	0.58	
316	404368	55	4043.68	0.55	
317	404691	65	4046.91	0.65	
318	405170	53	4051.7	0.53	
319	406953	181	4069.53	1.81	
320	407864	57	4078.64	0.57	
321	408644	82	4086.44	0.82	
322	409190	44	4091.9	0.44	
323	409882	53	4098.82	0.53	
324	411663	65	4116.63	0.65	
325	412202	53	4122.02	0.53	
326	412570	46	4125.7	0.46	
327	413133	89	4131.33	0.89	
328	416667	85	4166.67	0.85	
329	417101	117	4171.01	1.17	
330	417327	39	4173.27	0.39	
331	417559	75	4175.59	0.75	
332	417665	54	4176.65	0.54	
333	418010	101	4180.1	1.01	
334	418387	88	4183.87	0.88	
335	422200	37	4222	0.37	
336	422592	64	4225.92	0.64	
337	423560	73	4235.6	0.73	
338	424018	91	4240.18	0.91	
339	424129	79	4241.29	0.79	
340	424867	32	4248.67	0.32	
341	425210	30	4252.1	0.3	
342	426501	82	4265.01	0.82	
343	427586	115	4275.86	1.15	
344	430573	81	4305.73	0.81	
345	431477	102	4314.77	1.02	
346	431628	66	4316.28	0.66	
347	432235	44	4322.35	0.44	
348	433174	73	4331.74	0.73	
349	433558	75	4335.58	0.75	
350	434380	62	4343.8	0.62	
351	434647	105	4346.47	1.05	
352	435046	75	4350.46	0.75	
353	435459	69	4354.59	0.69	
354	436061	60	4360.61	0.6	
355	436166	167	4361.66	1.67	
356	436824	48	4368.24	0.48	
357	439280	87	4392.8	0.87	
358	439712	71	4397.12	0.71	
359	439976	52	4399.76	0.52	
360	440121	47	4401.21	0.47	
361	440620	103	4406.2	1.03	
362	443080	99	4430.8	0.99	
363	443609	78	4436.09	0.78	
364	443991	95	4439.91	0.95	
365	444413	66	4444.13	0.66	
366	445041	87	4450.41	0.87	
367	445449	128	4454.49	1.28	
368	448471	68	4484.71	0.68	
369	448869	43	4488.69	0.43	
370	451119	79	4511.19	0.79	
371	452656	64	4526.56	0.64	
372	452842	38	4528.42	0.38	
373	453729	78	4537.29	0.78	
374	453837	80	4538.37	0.8	
375	454118	72	4541.18	0.72	
376	454417	63	4544.17	0.63	
377	455146	42	4551.46	0.42	
378	456049	102	4560.49	1.02	
379	457918	91	4579.18	0.91	
380	458519	75	4585.19	0.75	
381	459717	82	4597.17	0.82	
382	460441	45	4604.41	0.45	
383	461348	53	4613.48	0.53	
384	461982	71	4619.82	0.71	
385	462337	145	4623.37	1.45	
386	462771	57	4627.71	0.57	
387	464808	75	4648.08	0.75	
388	469229	71	4692.29	0.71	
389	469919	53	4699.19	0.53	
390	475069	47	4750.69	0.47	
391	475217	73	4752.17	0.73	
392	475584	86	4755.84	0.86	
393	476634	62	4766.34	0.62	
394	477150	177	4771.5	1.77	
395	477432	146	4774.32	1.46	
396	478319	124	4783.19	1.24	
397	481739	62	4817.39	0.62	
398	482486	153	4824.86	1.53	
399	482874	154	4828.74	1.54	
400	485463	78	4854.63	0.78	
401	486632	50	4866.32	0.5	
402	487167	42	4871.67	0.42	
403	487516	153	4875.16	1.53	
404	487915	107	4879.15	1.07	
405	488403	178	4884.03	1.78	
406	489066	51	4890.66	0.51	
407	489326	140	4893.26	1.4	
408	490907	49	4909.07	0.49	
409	491221	71	4912.21	0.71	
410	491471	46	4914.71	0.46	
411	492004	73	4920.04	0.73	
412	492360	112	4923.6	1.12	
413	492988	76	4929.88	0.76	
414	494850	68	4948.5	0.68	
415	495574	36	4955.74	0.36	
416	498313	51	4983.13	0.51	
417	498757	62	4987.57	0.62	
418	499769	47	4997.69	0.47	
419	500032	33	5000.32	0.33	
420	501312	57	5013.12	0.57	
421	502172	107	5021.72	1.07	
422	502496	132	5024.96	1.32	
423	502764	42	5027.64	0.42	
424	504293	85	5042.93	0.85	
425	507512	61	5075.12	0.61	
426	508146	73	5081.46	0.73	
427	508890	77	5088.9	0.77	
428	509663	105	5096.63	1.05	
429	510033	113	5100.33	1.13	
430	510420	79	5104.2	0.79	
431	511004	101	5110.04	1.01	
432	511487	97	5114.87	0.97	
433	511721	129	5117.21	1.29	
434	512505	93	5125.05	0.93	
435	513565	127	5135.65	1.27	
436	515567	67	5155.67	0.67	
437	516395	99	5163.95	0.99	
438	516777	135	5167.77	1.35	
439	517896	100	5178.96	1	
440	524317	101	5243.17	1.01	
441	525755	55	5257.55	0.55	
442	527260	64	5272.6	0.64	
443	529406	40	5294.06	0.4	
444	530077	80	5300.77	0.8	
445	530661	75	5306.61	0.75	
446	531108	98	5311.08	0.98	
447	531871	87	5318.71	0.87	
448	534206	130	5342.06	1.3	
449	534557	40	5345.57	0.4	
450	535677	164	5356.77	1.64	
451	536245	45	5362.45	0.45	
452	538207	57	5382.07	0.57	
453	545753	95	5457.53	0.95	
454	546406	119	5464.06	1.19	
455	554171	115	5541.71	1.15	
456	554607	116	5546.07	1.16	
457	560738	93	5607.38	0.93	
458	561170	98	5611.7	0.98	
459	561648	42	5616.48	0.42	
460	564794	132	5647.94	1.32	
461	565214	66	5652.14	0.66	
462	565591	58	5655.91	0.58	
463	566006	64	5660.06	0.64	
464	567107	38	5671.07	0.38	
465	569791	58	5697.91	0.58	
466	570207	46	5702.07	0.46	
467	570654	58	5706.54	0.58	
468	573396	39	5733.96	0.39	
469	598219	42	5982.19	0.42	
470	632085	85	6320.85	0.85	
471	691146	77	6911.46	0.77	
472	692018	53	6920.18	0.53	
473	692204	47	6922.04	0.47	
474	694401	70	6944.01	0.7	
475	695953	53	6959.53	0.53	
476	701581	80	7015.81	0.8	
477	701761	55	7017.61	0.55	
478	703419	76	7034.19	0.76	
479	706000	76	7060	0.76	
480	706328	60	7063.28	0.6	
481	706998	107	7069.98	1.07	
482	715981	75	7159.81	0.75	
483	716816	129	7168.16	1.29	
484	718221	52	7182.21	0.52	
485	719889	92	7198.89	0.92	
486	725078	97	7250.78	0.97	
487	748610	111	7486.1	1.11	
488	749454	68	7494.54	0.68	
489	754480	84	7544.8	0.84	
490	757634	125	7576.34	1.25	
491	768210	55	7682.1	0.55	
492	775567	59	7755.67	0.59	
493	776493	106	7764.93	1.06	
494	786953	46	7869.53	0.46	
495	790280	118	7902.8	1.18	
496	793633	102	7936.33	1.02	
497	795353	242	7953.53	2.42	
498	795827	196	7958.27	1.96	
499	802394	105	8023.94	1.05	
500	803128	106	8031.28	1.06	
501	804212	75	8042.12	0.75	
502	807347	55	8073.47	0.55	
503	812922	48	8129.22	0.48	
504	814823	53	8148.23	0.53	
505	821877	67	8218.77	0.67	
506	822355	57	8223.55	0.57	
507	828651	72	8286.51	0.72	
508	837774	83	8377.74	0.83	
509	841246	158	8412.46	1.58	
510	854806	52	8548.06	0.52	
511	855222	89	8552.22	0.89	
512	855502	85	8555.02	0.85	
513	857175	42	8571.75	0.42	
514	857891	44	8578.91	0.44	
515	870278	62	8702.78	0.62	
516	871813	120	8718.13	1.2	
517	872246	123	8722.46	1.23	
518	878898	42	8788.98	0.42	
519	883478	90	8834.78	0.9	
520	888491	108	8884.91	1.08	
521	890579	62	8905.79	0.62	
522	898116	76	8981.16	0.76	
523	915649	98	9156.49	0.98	
524	917903	64	9179.03	0.64	
525	918261	77	9182.61	0.77	
526	923679	87	9236.79	0.87	
527	923932	83	9239.32	0.83	
528	924653	94	9246.53	0.94	
529	927645	170	9276.45	1.7	
530	928128	93	9281.28	0.93	
531	928783	81	9287.83	0.81	
532	929233	35	9292.33	0.35	
533	929453	105	9294.53	1.05	
534	929920	103	9299.2	1.03	
535	937372	129	9373.72	1.29	
536	942234	81	9422.34	0.81	
537	943457	125	9434.57	1.25	
538	944446	115	9444.46	1.15	
539	947540	101	9475.4	1.01	
540	948116	111	9481.16	1.11	
541	950201	98	9502.01	0.98	
542	951006	107	9510.06	1.07	
543	956518	62	9565.18	0.62	
544	956945	108	9569.45	1.08	
545	957428	135	9574.28	1.35	
546	958137	47	9581.37	0.47	
547	959237	78	9592.37	0.78	
548	959816	76	9598.16	0.76	
549	964081	57	9640.81	0.57	
550	966128	67	9661.28	0.67	
551	968214	101	9682.14	1.01	
552	978430	79	9784.3	0.79	
553	979076	139	9790.76	1.39	
554	981822	46	9818.22	0.46	
555	989453	67	9894.53	0.67	
556	990341	67	9903.41	0.67	
557	995154	51	9951.54	0.51	
558	998768	59	9987.68	0.59	
559	999095	62	9990.95	0.62	
560	1004552	135	10045.52	1.35	
561	1005179	74	10051.79	0.74	
562	1006536	94	10065.36	0.94	
563	1007000	193	10070	1.93	
564	1016569	54	10165.69	0.54	
565	1021827	115	10218.27	1.15	
566	1034833	82	10348.33	0.82	
567	1037584	65	10375.84	0.65	
568	1038013	59	10380.13	0.59	
569	1046017	77	10460.17	0.77	
570	1049787	45	10497.87	0.45	
571	1050325	93	10503.25	0.93	
572	1057214	96	10572.14	0.96	
573	1060733	53	10607.33	0.53	
574	1061260	85	10612.6	0.85	
575	1061694	45	10616.94	0.45	
576	1066036	63	10660.36	0.63	
577	1068749	63	10687.49	0.63	
578	1073038	91	10730.38	0.91	
579	1081607	113	10816.07	1.13	
580	1082852	56	10828.52	0.56	
581	1091821	124	10918.21	1.24	
582	1094077	44	10940.77	0.44	
583	1098897	58	10988.97	0.58	
584	1103475	60	11034.75	0.6	
585	1104099	79	11040.99	0.79	
586	1120080	44	11200.8	0.44	
587	1120259	57	11202.59	0.57	
588	1123287	53	11232.87	0.53	
589	1125255	47	11252.55	0.47	
590	1125868	67	11258.68	0.67	
591	1126741	69	11267.41	0.69	
592	1128677	46	11286.77	0.46	
593	1135063	49	11350.63	0.49	
594	1150727	160	11507.27	1.6	
595	1151098	166	11510.98	1.66	
596	1151444	62	11514.44	0.62	
597	1151801	103	11518.01	1.03	
598	1152120	38	11521.2	0.38	
599	1152227	54	11522.27	0.54	
600	1152525	58	11525.25	0.58	
601	1152912	69	11529.12	0.69	
602	1155229	38	11552.29	0.38	
603	1155926	63	11559.26	0.63	
604	1156853	84	11568.53	0.84	
605	1157365	60	11573.65	0.6	
606	1157864	39	11578.64	0.39	
607	1158584	99	11585.84	0.99	
608	1159303	78	11593.03	0.78	
609	1159975	113	11599.75	1.13	
610	1160734	197	11607.34	1.97	
611	1165002	89	11650.02	0.89	
612	1165624	118	11656.24	1.18	
613	1166253	76	11662.53	0.76	
614	1166896	63	11668.96	0.63	
615	1167390	55	11673.9	0.55	
616	1169878	107	11698.78	1.07	
617	1170799	62	11707.99	0.62	
618	1171898	44	11718.98	0.44	
619	1172310	89	11723.1	0.89	
620	1173609	157	11736.09	1.57	
621	1174078	135	11740.78	1.35	
622	1174449	148	11744.49	1.48	
623	1180732	51	11807.32	0.51	
624	1181567	96	11815.67	0.96	
625	1185236	48	11852.36	0.48	
626	1196469	140	11964.69	1.4	
627	1198080	71	11980.8	0.71	
628	1198437	103	11984.37	1.03	
629	1200524	53	12005.24	0.53	
630	1201219	65	12012.19	0.65	
631	1203229	67	12032.29	0.67	
632	1205731	61	12057.31	0.61	
633	1205933	121	12059.33	1.21	
634	1206569	32	12065.69	0.32	
635	1206661	58	12066.61	0.58	
636	1207062	44	12070.62	0.44	
637	1207910	42	12079.1	0.42	
638	1213054	58	12130.54	0.58	
639	1213298	113	12132.98	1.13	
640	1213985	118	12139.85	1.18	
641	1214647	67	12146.47	0.67	
642	1214756	35	12147.56	0.35	
643	1215071	77	12150.71	0.77	
644	1216673	38	12166.73	0.38	
645	1220895	84	12208.95	0.84	
646	1222167	87	12221.67	0.87	
647	1223314	44	12233.14	0.44	
648	1223596	66	12235.96	0.66	
649	1224483	79	12244.83	0.79	
650	1224824	58	12248.24	0.58	
651	1225910	96	12259.1	0.96	
652	1226556	53	12265.56	0.53	
653	1227945	69	12279.45	0.69	
654	1229213	60	12292.13	0.6	
655	1231039	111	12310.39	1.11	
656	1231299	88	12312.99	0.88	
657	1231656	47	12316.56	0.47	
658	1232417	73	12324.17	0.73	
659	1232834	58	12328.34	0.58	
660	1235518	89	12355.18	0.89	
661	1235791	56	12357.91	0.56	
662	1236147	76	12361.47	0.76	
663	1236439	87	12364.39	0.87	
664	1236685	55	12366.85	0.55	
665	1236933	64	12369.33	0.64	
666	1237786	53	12377.86	0.53	
667	1238377	66	12383.77	0.66	
668	1239865	37	12398.65	0.37	
669	1241268	110	12412.68	1.1	
670	1241557	83	12415.57	0.83	
671	1242187	77	12421.87	0.77	
672	1242763	64	12427.63	0.64	
673	1243145	71	12431.45	0.71	
674	1245142	56	12451.42	0.56	
675	1246191	92	12461.91	0.92	
676	1247786	88	12477.86	0.88	
677	1248479	81	12484.79	0.81	
678	1250307	73	12503.07	0.73	
679	1250822	61	12508.22	0.61	
680	1251992	115	12519.92	1.15	
681	1254136	98	12541.36	0.98	
682	1254589	51	12545.89	0.51	
683	1255765	57	12557.65	0.57	
684	1257252	104	12572.52	1.04	
685	1258376	112	12583.76	1.12	
686	1259282	161	12592.82	1.61	
687	1263016	56	12630.16	0.56	
688	1263447	38	12634.47	0.38	
689	1381073	76	13810.73	0.76	
690	1381183	55	13811.83	0.55	
691	1381260	62	13812.6	0.62	
692	1381764	108	13817.64	1.08	
693	1382273	49	13822.73	0.49	
694	1382529	44	13825.29	0.44	
695	1382648	207	13826.48	2.07	
696	1384138	95	13841.38	0.95	
697	1385540	160	13855.4	1.6	
698	1386424	111	13864.24	1.11	
699	1386604	49	13866.04	0.49	
700	1387766	85	13877.66	0.85	
701	1388043	100	13880.43	1	
702	1388521	73	13885.21	0.73	
703	1388648	83	13886.48	0.83	
704	1388932	53	13889.32	0.53	
705	1389127	49	13891.27	0.49	
706	1389269	73	13892.69	0.73	
707	1390278	71	13902.78	0.71	
708	1391491	80	13914.91	0.8	
709	1391820	93	13918.2	0.93	
710	1392576	45	13925.76	0.45	
711	1393104	50	13931.04	0.5	
712	1394658	85	13946.58	0.85	
713	1396170	149	13961.7	1.49	
714	1397252	35	13972.52	0.35	
715	1400363	119	14003.63	1.19	
716	1400885	67	14008.85	0.67	
717	1401094	41	14010.94	0.41	
718	1402600	86	14026	0.86	
719	1403180	99	14031.8	0.99	
720	1406974	51	14069.74	0.51	
721	1407217	63	14072.17	0.63	
722	1407586	67	14075.86	0.67	
723	1408061	93	14080.61	0.93	
724	1408780	174	14087.8	1.74	
725	1409691	149	14096.91	1.49	
726	1410721	139	14107.21	1.39	
727	1411750	173	14117.5	1.73	
728	1414330	83	14143.3	0.83	
729	1416251	63	14162.51	0.63	
730	1419238	139	14192.38	1.39	
731	1420507	84	14205.07	0.84	
732	1424014	111	14240.14	1.11	
733	1424582	94	14245.82	0.94	
734	1425363	71	14253.63	0.71	
735	1426351	52	14263.51	0.52	
736	1427088	80	14270.88	0.8	
737	1427976	48	14279.76	0.48	
738	1428433	41	14284.33	0.41	
739	1428785	71	14287.85	0.71	
740	1429085	63	14290.85	0.63	
741	1429408	221	14294.08	2.21	
742	1429917	150	14299.17	1.5	
743	1430339	57	14303.39	0.57	
744	1431004	84	14310.04	0.84	
745	1432218	93	14322.18	0.93	
746	1434163	131	14341.63	1.31	
747	1434801	68	14348.01	0.68	
748	1438467	83	14384.67	0.83	
749	1439760	72	14397.6	0.72	
750	1444387	86	14443.87	0.86	
751	1445744	108	14457.44	1.08	
752	1446126	98	14461.26	0.98	
753	1446549	62	14465.49	0.62	
754	1449339	59	14493.39	0.59	
755	1450300	126	14503	1.26	
756	1450833	107	14508.33	1.07	
757	1451317	134	14513.17	1.34	
758	1451676	107	14516.76	1.07	
759	1452563	108	14525.63	1.08	
760	1452843	84	14528.43	0.84	
761	1453094	71	14530.94	0.71	
762	1453630	57	14536.3	0.57	
763	1454319	52	14543.19	0.52	
764	1454733	116	14547.33	1.16	
765	1456149	104	14561.49	1.04	
766	1460278	54	14602.78	0.54	
767	1469439	71	14694.39	0.71	
768	1471816	49	14718.16	0.49	
769	1474674	77	14746.74	0.77	
770	1484147	63	14841.47	0.63	
771	1484957	141	14849.57	1.41	
772	1485201	81	14852.01	0.81	
773	1485401	129	14854.01	1.29	
774	1485704	129	14857.04	1.29	
775	1486801	137	14868.01	1.37	
776	1487366	121	14873.66	1.21	
777	1488144	55	14881.44	0.55	
778	1488861	69	14888.61	0.69	
779	1489216	110	14892.16	1.1	
780	1489711	81	14897.11	0.81	
781	1490135	44	14901.35	0.44	
782	1491390	63	14913.9	0.63	
783	1492991	69	14929.91	0.69	
784	1493714	45	14937.14	0.45	
785	1495342	74	14953.42	0.74	
786	1495806	73	14958.06	0.73	
787	1496847	72	14968.47	0.72	
788	1497588	61	14975.88	0.61	
789	1498466	90	14984.66	0.9	
790	1500262	85	15002.62	0.85	
791	1500410	109	15004.1	1.09	
792	1500804	52	15008.04	0.52	
793	1500938	69	15009.38	0.69	
794	1501165	82	15011.65	0.82	
795	1503731	78	15037.31	0.78	
796	1504251	51	15042.51	0.51	
797	1504404	72	15044.04	0.72	
798	1504532	42	15045.32	0.42	
799	1505929	94	15059.29	0.94	
800	1508582	73	15085.82	0.73	
801	1509011	79	15090.11	0.79	
802	1511076	113	15110.76	1.13	
803	1511314	71	15113.14	0.71	
804	1515494	69	15154.94	0.69	
805	1517602	56	15176.02	0.56	
806	1517787	91	15177.87	0.91	
807	1520586	47	15205.86	0.47	
808	1538962	82	15389.62	0.82	
809	1544108	125	15441.08	1.25	
810	1547957	82	15479.57	0.82	
811	1549084	51	15490.84	0.51	
812	1551296	42	15512.96	0.42	
813	1557264	98	15572.64	0.98	
814	1562528	100	15625.28	1	
815	1564856	57	15648.56	0.57	
816	1567227	67	15672.27	0.67	
817	1570305	61	15703.05	0.61	
818	1571064	142	15710.64	1.42	
819	1576846	75	15768.46	0.75	
820	1580295	124	15802.95	1.24	
821	1581108	53	15811.08	0.53	
822	1584594	123	15845.94	1.23	
823	1585246	119	15852.46	1.19	
824	1587515	97	15875.15	0.97	
825	1603016	109	16030.16	1.09	
826	1603528	109	16035.28	1.09	
827	1605163	56	16051.63	0.56	
828	1605561	50	16055.61	0.5	
829	1610047	61	16100.47	0.61	
830	1617519	58	16175.19	0.58	
831	1620777	61	16207.77	0.61	
832	1644424	62	16444.24	0.62	
833	1650394	60	16503.94	0.6	
834	1669094	102	16690.94	1.02	
835	1694450	64	16944.5	0.64	
836	1726827	73	17268.27	0.73	
837	1727449	57	17274.49	0.57	
838	1727754	77	17277.54	0.77	
839	1728693	45	17286.93	0.45	
840	1730637	72	17306.37	0.72	
841	1732202	67	17322.02	0.67	
842	1732345	62	17323.45	0.62	
843	1734772	87	17347.72	0.87	
844	1735239	63	17352.39	0.63	
845	1738564	97	17385.64	0.97	
846	1739561	114	17395.61	1.14	
847	1740049	107	17400.49	1.07	
848	1740592	137	17405.92	1.37	
849	1742733	89	17427.33	0.89	
850	1743934	68	17439.34	0.68	
851	1744026	71	17440.26	0.71	
852	1744610	93	17446.1	0.93	
853	1745532	114	17455.32	1.14	
854	1747406	84	17474.06	0.84	
855	1749863	51	17498.63	0.51	
856	1751793	55	17517.93	0.55	
857	1752198	97	17521.98	0.97	
858	1752651	81	17526.51	0.81	
859	1753094	138	17530.94	1.38	
860	1755017	63	17550.17	0.63	
861	1755526	58	17555.26	0.58	
862	1755731	62	17557.31	0.62	
863	1756109	140	17561.09	1.4	
864	1759400	70	17594	0.7	
865	1760192	147	17601.92	1.47	
866	1760470	133	17604.7	1.33	
867	1763241	44	17632.41	0.44	
868	1764364	67	17643.64	0.67	
869	1764831	53	17648.31	0.53	
870	1765252	137	17652.52	1.37	
871	1765972	81	17659.72	0.81	
872	1766358	118	17663.58	1.18	
873	1766502	52	17665.02	0.52	
874	1766822	118	17668.22	1.18	
875	1767681	57	17676.81	0.57	
876	1773666	82	17736.66	0.82	
877	1774176	85	17741.76	0.85	
878	1780438	55	17804.38	0.55	
879	1781549	92	17815.49	0.92	
880	1782174	87	17821.74	0.87	
881	1783497	54	17834.97	0.54	
882	1784518	72	17845.18	0.72	
883	1785982	74	17859.82	0.74	
884	1786767	111	17867.67	1.11	
885	1788519	66	17885.19	0.66	
886	1789062	55	17890.62	0.55	
887	1796716	107	17967.16	1.07	
888	1801414	59	18014.14	0.59	
889	1805414	68	18054.14	0.68	
890	1819009	65	18190.09	0.65	
891	1820059	64	18200.59	0.64	
892	1864122	60	18641.22	0.6	
893	1865312	39	18653.12	0.39	
894	1866503	38	18665.03	0.38	
895	1870521	42	18705.21	0.42	
896	1873706	107	18737.06	1.07	
897	1876002	43	18760.02	0.43	
898	1877713	56	18777.13	0.56	
899	1881862	48	18818.62	0.48	
900	1892972	142	18929.72	1.42	
901	1894894	65	18948.94	0.65	
902	1897571	74	18975.71	0.74	
903	1930907	53	19309.07	0.53	
904	1932635	84	19326.35	0.84	
905	1935360	46	19353.6	0.46	
906	1936113	94	19361.13	0.94	
907	1936533	71	19365.33	0.71	
908	1937049	77	19370.49	0.77	
909	1938735	60	19387.35	0.6	
910	1941926	106	19419.26	1.06	
911	1942421	172	19424.21	1.72	
912	1944387	66	19443.87	0.66	
913	1945902	58	19459.02	0.58	
914	1947794	53	19477.94	0.53	
915	1948170	60	19481.7	0.6	
916	1949629	71	19496.29	0.71	
917	1950685	83	19506.85	0.83	
918	1953162	79	19531.62	0.79	
919	1954258	105	19542.58	1.05	
920	1954557	66	19545.57	0.66	
921	1966152	91	19661.52	0.91	
922	1969546	145	19695.46	1.45	
923	2000728	173	20007.28	1.73	
924	2001965	53	20019.65	0.53	
925	2003742	49	20037.42	0.49	
926	2004082	46	20040.82	0.46	
927	2004222	67	20042.22	0.67	
928	2005497	78	20054.97	0.78	
929	2006237	54	20062.37	0.54	
930	2006954	62	20069.54	0.62	
931	2015365	78	20153.65	0.78	
932	2016932	111	20169.32	1.11	
933	2017457	94	20174.57	0.94	
934	2018150	55	20181.5	0.55	
935	2018627	65	20186.27	0.65	
936	2020425	52	20204.25	0.52	
937	2021428	103	20214.28	1.03	
938	2021964	76	20219.64	0.76	
939	2022217	65	20222.17	0.65	
940	2022746	89	20227.46	0.89	
941	2024193	34	20241.93	0.34	
942	2024240	34	20242.4	0.34	
943	2025023	59	20250.23	0.59	
944	2026086	55	20260.86	0.55	
945	2026394	98	20263.94	0.98	
946	2026508	142	20265.08	1.42	
947	2028330	52	20283.3	0.52	
948	2028720	62	20287.2	0.62	
949	2030070	46	20300.7	0.46	
950	2030296	68	20302.96	0.68	
951	2030680	49	20306.8	0.49	
952	2031106	129	20311.06	1.29	
953	2031298	104	20312.98	1.04	
954	2031797	59	20317.97	0.59	
955	2032239	60	20322.39	0.6	
956	2033682	74	20336.82	0.74	
957	2034094	180	20340.94	1.8	
958	2034975	104	20349.75	1.04	
959	2038168	63	20381.68	0.63	
960	2038578	71	20385.78	0.71	
961	2038815	52	20388.15	0.52	
962	2044586	68	20445.86	0.68	
963	2044910	129	20449.1	1.29	
964	2045700	65	20457	0.65	
965	2046405	80	20464.05	0.8	
966	2048589	93	20485.89	0.93	
967	2050766	84	20507.66	0.84	
968	2051648	40	20516.48	0.4	
969	2051717	89	20517.17	0.89	
970	2051851	78	20518.51	0.78	
971	2052648	69	20526.48	0.69	
972	2052867	84	20528.67	0.84	
973	2053642	71	20536.42	0.71	
974	2053775	30	20537.75	0.3	
975	2053840	30	20538.4	0.3	
976	2054172	53	20541.72	0.53	
977	2054414	62	20544.14	0.62	
978	2054816	138	20548.16	1.38	
979	2055308	58	20553.08	0.58	
980	2055376	49	20553.76	0.49	
981	2055839	64	20558.39	0.64	
982	2056225	52	20562.25	0.52	
983	2056383	32	20563.83	0.32	
984	2057044	35	20570.44	0.35	
985	2058320	34	20583.2	0.34	
986	2058884	42	20588.84	0.42	
987	2059083	94	20590.83	0.94	
988	2060032	93	20600.32	0.93	
989	2060700	67	20607	0.67	
990	2061200	153	20612	1.53	
991	2061886	67	20618.86	0.67	
992	2062111	64	20621.11	0.64	
993	2062522	56	20625.22	0.56	
994	2063240	96	20632.4	0.96	
995	2063600	83	20636	0.83	
996	2063906	141	20639.06	1.41	
997	2066000	48	20660	0.48	
998	2066558	60	20665.58	0.6	
999	2070744	75	20707.44	0.75	
1000	2071578	30	20715.78	0.3	
1001	2072752	74	20727.52	0.74	
1002	2080651	48	20806.51	0.48	
1003	2081773	159	20817.73	1.59	
1004	2083670	102	20836.7	1.02	
1005	2084144	42	20841.44	0.42	
1006	2084398	122	20843.98	1.22	
1007	2086811	88	20868.11	0.88	
1008	2087750	59	20877.5	0.59	
1009	2088777	72	20887.77	0.72	
1010	2090472	86	20904.72	0.86	
1011	2092752	76	20927.52	0.76	
1012	2093577	44	20935.77	0.44	
1013	2141731	60	21417.31	0.6	
1014	2158772	38	21587.72	0.38	
1015	2160778	123	21607.78	1.23	
1016	2161169	131	21611.69	1.31	
1017	2164747	53	21647.47	0.53	
1018	2172688	76	21726.88	0.76	
1019	2176768	84	21767.68	0.84	
1020	2178529	88	21785.29	0.88	
1021	2181570	122	21815.7	1.22	
1022	2182283	96	21822.83	0.96	
1023	2183129	88	21831.29	0.88	
1024	2183847	111	21838.47	1.11	
1025	2184480	80	21844.8	0.8	
1026	2191601	109	21916.01	1.09	
1027	2192845	48	21928.45	0.48	
1028	2194202	63	21942.02	0.63	
1029	2198360	34	21983.6	0.34	
1030	2200172	67	22001.72	0.67	
1031	2200381	51	22003.81	0.51	
1032	2202117	30	22021.17	0.3	
1033	2202402	49	22024.02	0.49	
1034	2205615	44	22056.15	0.44	
1035	2207062	102	22070.62	1.02	
1036	2208550	44	22085.5	0.44	
1037	2215945	75	22159.45	0.75	
1038	2216997	49	22169.97	0.49	
1039	2217761	67	22177.61	0.67	
1040	2218011	57	22180.11	0.57	
1041	2218309	44	22183.09	0.44	
1042	2220716	77	22207.16	0.77	
1043	2221931	53	22219.31	0.53	
1044	2222404	77	22224.04	0.77	
1045	2224147	82	22241.47	0.82	
1046	2224568	53	22245.68	0.53	
1047	2225027	79	22250.27	0.79	
1048	2225475	87	22254.75	0.87	
1049	2226006	47	22260.06	0.47	
1050	2226574	67	22265.74	0.67	
1051	2227422	73	22274.22	0.73	
1052	2228823	58	22288.23	0.58	
1053	2229717	40	22297.17	0.4	
1054	2229827	63	22298.27	0.63	
1055	2230022	136	22300.22	1.36	
1056	2230393	79	22303.93	0.79	
1057	2232520	95	22325.2	0.95	
1058	2233812	74	22338.12	0.74	
1059	2234508	73	22345.08	0.73	
1060	2234817	84	22348.17	0.84	
1061	2235174	141	22351.74	1.41	
1062	2235842	58	22358.42	0.58	
1063	2236112	147	22361.12	1.47	
1064	2239702	93	22397.02	0.93	
1065	2240801	87	22408.01	0.87	
1066	2241316	73	22413.16	0.73	
1067	2241982	51	22419.82	0.51	
1068	2242860	86	22428.6	0.86	
1069	2243270	49	22432.7	0.49	
1070	2243849	86	22438.49	0.86	
1071	2244935	80	22449.35	0.8	
1072	2246002	110	22460.02	1.1	
1073	2250101	33	22501.01	0.33	
1074	2252198	32	22521.98	0.32	
1075	2255060	102	22550.6	1.02	
1076	2256175	57	22561.75	0.57	
1077	2256402	89	22564.02	0.89	
1078	2258044	93	22580.44	0.93	
1079	2258846	94	22588.46	0.94	
1080	2259843	78	22598.43	0.78	
1081	2259989	53	22599.89	0.53	
1082	2260305	42	22603.05	0.42	
1083	2261053	39	22610.53	0.39	
1084	2263544	71	22635.44	0.71	
1085	2263820	56	22638.2	0.56	
1086	2264178	65	22641.78	0.65	
1087	2264847	58	22648.47	0.58	
1088	2265487	67	22654.87	0.67	
1089	2265829	32	22658.29	0.32	
1090	2268206	93	22682.06	0.93	
1091	2268451	45	22684.51	0.45	
1092	2268756	69	22687.56	0.69	
1093	2271457	36	22714.57	0.36	
1094	2271847	56	22718.47	0.56	
1095	2272147	139	22721.47	1.39	
1096	2272690	89	22726.9	0.89	
1097	2272873	57	22728.73	0.57	
1098	2273095	40	22730.95	0.4	
1099	2273951	77	22739.51	0.77	
1100	2274049	38	22740.49	0.38	
1101	2275219	57	22752.19	0.57	
1102	2275629	119	22756.29	1.19	
1103	2276664	54	22766.64	0.54	
1104	2312194	49	23121.94	0.49	
1105	2313890	51	23138.9	0.51	
1106	2315853	109	23158.53	1.09	
1107	2316182	36	23161.82	0.36	
1108	2316380	72	23163.8	0.72	
1109	2317393	52	23173.93	0.52	
1110	2318513	38	23185.13	0.38	
1111	2320107	147	23201.07	1.47	
1112	2323689	41	23236.89	0.41	
1113	2323975	89	23239.75	0.89	
1114	2324976	171	23249.76	1.71	
1115	2326459	46	23264.59	0.46	
1116	2326730	54	23267.3	0.54	
1117	2327791	55	23277.91	0.55	
1118	2329825	75	23298.25	0.75	
1119	2330520	61	23305.2	0.61	
1120	2330989	107	23309.89	1.07	
1121	2331381	77	23313.81	0.77	
1122	2332562	67	23325.62	0.67	
1123	2334548	52	23345.48	0.52	
1124	2335005	54	23350.05	0.54	
1125	2335467	64	23354.67	0.64	
1126	2336425	51	23364.25	0.51	
1127	2336847	96	23368.47	0.96	
1128	2340405	37	23404.05	0.37	
1129	2342452	43	23424.52	0.43	
1130	2343031	46	23430.31	0.46	
1131	2354729	43	23547.29	0.43	
1132	2369298	93	23692.98	0.93	
1133	2377375	38	23773.75	0.38	
1134	2382056	38	23820.56	0.38	
1135	2383712	70	23837.12	0.7	
1136	2386613	58	23866.13	0.58	
1137	2399337	65	23993.37	0.65	
1138	2409899	153	24098.99	1.53	
1139	2413482	55	24134.82	0.55	
1140	2415225	42	24152.25	0.42	
1141	2415439	46	24154.39	0.46	
1142	2416641	85	24166.41	0.85	
1143	2418103	44	24181.03	0.44	
1144	2418453	118	24184.53	1.18	
1145	2418831	156	24188.31	1.56	
1146	2419193	132	24191.93	1.32	
1147	2419569	109	24195.69	1.09	
1148	2419948	177	24199.48	1.77	
1149	2420332	125	24203.32	1.25	
1150	2420510	82	24205.1	0.82	
1151	2420819	109	24208.19	1.09	
1152	2421228	95	24212.28	0.95	
1153	2421961	126	24219.61	1.26	
1154	2422691	104	24226.91	1.04	
1155	2423527	135	24235.27	1.35	
1156	2424013	111	24240.13	1.11	
1157	2424410	56	24244.1	0.56	
1158	2424870	80	24248.7	0.8	
1159	2425214	42	24252.14	0.42	
1160	2438873	53	24388.73	0.53	
1161	2439174	80	24391.74	0.8	
1162	2440979	58	24409.79	0.58	
1163	2441553	81	24415.53	0.81	
1164	2442504	72	24425.04	0.72	
1165	2443107	60	24431.07	0.6	
1166	2443963	95	24439.63	0.95	
1167	2444203	102	24442.03	1.02	
1168	2448061	34	24480.61	0.34	
1169	2455678	48	24556.78	0.48	
1170	2456373	57	24563.73	0.57	
1171	2456743	109	24567.43	1.09	
1172	2458296	47	24582.96	0.47	
1173	2460568	89	24605.68	0.89	
1174	2461036	59	24610.36	0.59	
1175	2462638	81	24626.38	0.81	
1176	2462854	31	24628.54	0.31	
1177	2463232	116	24632.32	1.16	
1178	2463548	84	24635.48	0.84	
1179	2465191	111	24651.91	1.11	
1180	2465421	34	24654.21	0.34	
1181	2465774	37	24657.74	0.37	
1182	2465914	51	24659.14	0.51	
1183	2466001	44	24660.01	0.44	
1184	2467687	149	24676.87	1.49	
1185	2468383	63	24683.83	0.63	
1186	2471407	33	24714.07	0.33	
1187	2472279	54	24722.79	0.54	
1188	2472603	104	24726.03	1.04	
1189	2474217	58	24742.17	0.58	
1190	2480200	58	24802	0.58	
1191	2480594	55	24805.94	0.55	
1192	2483644	105	24836.44	1.05	
1193	2487186	53	24871.86	0.53	
1194	2488214	38	24882.14	0.38	
1195	2491583	32	24915.83	0.32	
1196	2493991	76	24939.91	0.76	
1197	2498649	44	24986.49	0.44	
1198	2499402	65	24994.02	0.65	
1199	2518291	56	25182.91	0.56	
1200	2529240	68	25292.4	0.68	
1201	2530079	73	25300.79	0.73	
1202	2535351	58	25353.51	0.58	
1203	2536235	107	25362.35	1.07	
1204	2539293	57	25392.93	0.57	
1205	2539638	78	25396.38	0.78	
1206	2540118	110	25401.18	1.1	
1207	2540727	77	25407.27	0.77	
1208	2544826	115	25448.26	1.15	
1209	2547143	76	25471.43	0.76	
1210	2552469	81	25524.69	0.81	
1211	2552826	55	25528.26	0.55	
1212	2553555	71	25535.55	0.71	
1213	2554280	73	25542.8	0.73	
1214	2564845	53	25648.45	0.53	
1215	2565326	53	25653.26	0.53	
1216	2565885	44	25658.85	0.44	
1217	2565982	55	25659.82	0.55	
1218	2572451	77	25724.51	0.77	
1219	2572732	42	25727.32	0.42	
1220	2574073	46	25740.73	0.46	
1221	2600324	73	26003.24	0.73	
1222	2600584	57	26005.84	0.57	
1223	2601151	85	26011.51	0.85	
1224	2602711	99	26027.11	0.99	
1225	2603482	87	26034.82	0.87	
1226	2605857	97	26058.57	0.97	
1227	2609899	53	26098.99	0.53	
1228	2663438	55	26634.38	0.55	
1229	2670339	50	26703.39	0.5	
1230	2675004	47	26750.04	0.47	
1231	2677956	73	26779.56	0.73	
1232	2687838	68	26878.38	0.68	
1233	2693192	78	26931.92	0.78	
1234	2695939	59	26959.39	0.59	
1235	2696778	67	26967.78	0.67	
1236	2697859	77	26978.59	0.77	
1237	2699657	55	26996.57	0.55	
1238	2701460	49	27014.6	0.49	
1239	2702232	78	27022.32	0.78	
1240	2703125	32	27031.25	0.32	
1241	2703495	51	27034.95	0.51	
1242	2703626	47	27036.26	0.47	
1243	2704059	78	27040.59	0.78	
1244	2706280	49	27062.8	0.49	
1245	2709925	75	27099.25	0.75	
1246	2710229	64	27102.29	0.64	
1247	2710368	41	27103.68	0.41	
1248	2710854	80	27108.54	0.8	
1249	2711538	78	27115.38	0.78	
1250	2711808	52	27118.08	0.52	
1251	2711901	56	27119.01	0.56	
1252	2713161	49	27131.61	0.49	
1253	2714022	60	27140.22	0.6	
1254	2714117	53	27141.17	0.53	
1255	2714443	99	27144.43	0.99	
1256	2714785	58	27147.85	0.58	
1257	2715236	51	27152.36	0.51	
1258	2716042	51	27160.42	0.51	
1259	2716275	77	27162.75	0.77	
1260	2718306	73	27183.06	0.73	
1261	2720509	138	27205.09	1.38	
1262	2721466	53	27214.66	0.53	
1263	2721673	67	27216.73	0.67	
1264	2722059	45	27220.59	0.45	
1265	2722781	50	27227.81	0.5	
1266	2723724	65	27237.24	0.65	
1267	2724387	92	27243.87	0.92	
1268	2724655	101	27246.55	1.01	
1269	2725014	60	27250.14	0.6	
1270	2727148	60	27271.48	0.6	
1271	2732461	47	27324.61	0.47	
1272	2732771	59	27327.71	0.59	
1273	2737358	48	27373.58	0.48	
1274	2740043	127	27400.43	1.27	
1275	2740388	69	27403.88	0.69	
1276	2742160	67	27421.6	0.67	
1277	2742471	73	27424.71	0.73	
1278	2746516	95	27465.16	0.95	
1279	2755419	66	27554.19	0.66	
1280	2756647	47	27566.47	0.47	
1281	2759454	56	27594.54	0.56	
1282	2771874	60	27718.74	0.6	
1283	2775624	54	27756.24	0.54	
1284	2780346	52	27803.46	0.52	
1285	2780677	48	27806.77	0.48	
1286	2780838	198	27808.38	1.98	
1287	2789880	46	27898.8	0.46	
1288	2794756	73	27947.56	0.73	
1289	2795281	37	27952.81	0.37	
1290	2796479	61	27964.79	0.61	
1291	2796939	83	27969.39	0.83	
1292	2800312	131	28003.12	1.31	
1293	2806568	119	28065.68	1.19	
1294	2807677	77	28076.77	0.77	
1295	2808079	92	28080.79	0.92	
1296	2808781	164	28087.81	1.64	
1297	2810294	62	28102.94	0.62	
1298	2811988	62	28119.88	0.62	
1299	2812686	93	28126.86	0.93	
1300	2813405	170	28134.05	1.7	
1301	2813770	173	28137.7	1.73	
1302	2814154	126	28141.54	1.26	
1303	2814429	89	28144.29	0.89	
1304	2815304	108	28153.04	1.08	
1305	2815706	109	28157.06	1.09	
1306	2816150	85	28161.5	0.85	
1307	2820394	63	28203.94	0.63	
1308	2821173	49	28211.73	0.49	
1309	2821535	77	28215.35	0.77	
1310	2822575	117	28225.75	1.17	
1311	2826815	74	28268.15	0.74	
1312	2827077	79	28270.77	0.79	
1313	2830213	90	28302.13	0.9	
1314	2833460	56	28334.6	0.56	
1315	2838713	95	28387.13	0.95	
1316	2841507	71	28415.07	0.71	
1317	2846118	54	28461.18	0.54	
1318	2846944	72	28469.44	0.72	
1319	2854982	51	28549.82	0.51	
1320	2858007	58	28580.07	0.58	
1321	2860473	56	28604.73	0.56	
1322	2863305	59	28633.05	0.59	
1323	2864551	36	28645.51	0.36	
1324	2865900	59	28659	0.59	
1325	2880808	47	28808.08	0.47	
1326	2893985	39	28939.85	0.39	
1327	2895780	75	28957.8	0.75	
1328	2896429	57	28964.29	0.57	
1329	2898568	99	28985.68	0.99	
1330	2899594	89	28995.94	0.89	
1331	2900838	104	29008.38	1.04	
1332	2902571	47	29025.71	0.47	
1333	2902771	75	29027.71	0.75	
1334	2903009	87	29030.09	0.87	
1335	2903296	87	29032.96	0.87	
1336	2906446	49	29064.46	0.49	
1337	2906622	53	29066.22	0.53	
1338	2907253	65	29072.53	0.65	
1339	2907867	54	29078.67	0.54	
1340	2907966	53	29079.66	0.53	
1341	2908065	46	29080.65	0.46	
1342	2908170	59	29081.7	0.59	
1343	2908343	51	29083.43	0.51	
1344	2908896	51	29088.96	0.51	
1345	2910295	44	29102.95	0.44	
1346	2911700	39	29117	0.39	
1347	2913441	108	29134.41	1.08	
1348	2917814	87	29178.14	0.87	
1349	2918210	57	29182.1	0.57	
1350	2918748	141	29187.48	1.41	
1351	2921738	129	29217.38	1.29	
1352	2923392	240	29233.92	2.4	
1353	2923791	76	29237.91	0.76	
1354	2924264	62	29242.64	0.62	
1355	2924831	53	29248.31	0.53	
1356	2925213	102	29252.13	1.02	
1357	2930652	66	29306.52	0.66	
1358	2930923	49	29309.23	0.49	
1359	2931078	131	29310.78	1.31	
1360	2931414	209	29314.14	2.09	
1361	2931787	207	29317.87	2.07	
1362	2932423	49	29324.23	0.49	
1363	2932829	63	29328.29	0.63	
1364	2933124	40	29331.24	0.4	
1365	2935525	91	29355.25	0.91	
1366	2935947	61	29359.47	0.61	
1367	2936466	63	29364.66	0.63	
1368	2937680	54	29376.8	0.54	
1369	2939354	57	29393.54	0.57	
1370	2940439	76	29404.39	0.76	
1371	2940898	80	29408.98	0.8	
1372	2941988	145	29419.88	1.45	
1373	2942879	81	29428.79	0.81	
1374	2943537	63	29435.37	0.63	
1375	2944111	53	29441.11	0.53	
1376	2944266	76	29442.66	0.76	
1377	2945367	75	29453.67	0.75	
1378	2946612	48	29466.12	0.48	
1379	2947522	107	29475.22	1.07	
1380	2948626	83	29486.26	0.83	
1381	2949913	58	29499.13	0.58	
1382	2950306	48	29503.06	0.48	
1383	2950780	62	29507.8	0.62	
1384	2951056	75	29510.56	0.75	
1385	2951360	134	29513.6	1.34	
1386	2951873	55	29518.73	0.55	
1387	2955354	80	29553.54	0.8	
1388	2956067	56	29560.67	0.56	
1389	2956786	76	29567.86	0.76	
1390	2958991	102	29589.91	1.02	
1391	2959824	131	29598.24	1.31	
1392	2960756	53	29607.56	0.53	
1393	2960903	51	29609.03	0.51	
1394	2961079	135	29610.79	1.35	
1395	2962806	54	29628.06	0.54	
1396	2964950	43	29649.5	0.43	
1397	2965244	68	29652.44	0.68	
1398	2965377	78	29653.77	0.78	
1399	2965608	60	29656.08	0.6	
1400	2971532	47	29715.32	0.47	
1401	2972817	53	29728.17	0.53	
1402	2973636	52	29736.36	0.52	
1403	2977982	50	29779.82	0.5	
1404	2979670	58	29796.7	0.58	
1405	2979966	71	29799.66	0.71	
1406	2980303	49	29803.03	0.49	
1407	2981582	33	29815.82	0.33	
1408	2985423	40	29854.23	0.4	
1409	2985576	58	29855.76	0.58	
1410	2987111	60	29871.11	0.6	
1411	2988719	84	29887.19	0.84	
1412	2989070	58	29890.7	0.58	
1413	2990423	71	29904.23	0.71	
1414	2992072	65	29920.72	0.65	
1415	2992480	53	29924.8	0.53	
1416	2992677	80	29926.77	0.8	
1417	3004229	44	30042.29	0.44	
1418	3005168	52	30051.68	0.52	
1419	3006528	67	30065.28	0.67	
1420	3009525	59	30095.25	0.59	
1421	3010237	63	30102.37	0.63	
1422	3010718	38	30107.18	0.38	
1423	3012123	124	30121.23	1.24	
1424	3014458	99	30144.58	0.99	
1425	3014793	36	30147.93	0.36	
1426	3018209	68	30182.09	0.68	
1427	3019804	35	30198.04	0.35	
1428	3020227	55	30202.27	0.55	
1429	3020894	42	30208.94	0.42	
1430	3021892	91	30218.92	0.91	
1431	3022668	91	30226.68	0.91	
1432	3023787	86	30237.87	0.86	
1433	3024229	87	30242.29	0.87	
1434	3025418	60	30254.18	0.6	
1435	3025651	109	30256.51	1.09	
1436	3026608	81	30266.08	0.81	
1437	3027660	71	30276.6	0.71	
1438	3027964	95	30279.64	0.95	
1439	3028547	99	30285.47	0.99	
1440	3030092	32	30300.92	0.32	
1441	3030456	150	30304.56	1.5	
1442	3030770	55	30307.7	0.55	
1443	3031341	40	30313.41	0.4	
1444	3031626	98	30316.26	0.98	
1445	3031952	144	30319.52	1.44	
1446	3034178	122	30341.78	1.22	
1447	3043475	55	30434.75	0.55	
1448	3057885	62	30578.85	0.62	
1449	3058834	73	30588.34	0.73	
1450	3064208	88	30642.08	0.88	
1451	3068713	53	30687.13	0.53	
1452	3070347	78	30703.47	0.78	
1453	3071099	55	30710.99	0.55	
1454	3071780	83	30717.8	0.83	
1455	3072248	41	30722.48	0.41	
1456	3073218	75	30732.18	0.75	
1457	3076411	69	30764.11	0.69	
1458	3077388	61	30773.88	0.61	
1459	3078219	49	30782.19	0.49	
1460	3078361	62	30783.61	0.62	
1461	3080047	103	30800.47	1.03	
1462	3081503	68	30815.03	0.68	
1463	3086116	85	30861.16	0.85	
1464	3087532	103	30875.32	1.03	
1465	3088059	85	30880.59	0.85	
1466	3088320	128	30883.2	1.28	
1467	3088796	123	30887.96	1.23	
1468	3089661	136	30896.61	1.36	
1469	3091200	100	30912	1	
1470	3094151	163	30941.51	1.63	
1471	3098035	97	30980.35	0.97	
1472	3098680	62	30986.8	0.62	
1473	3099235	98	30992.35	0.98	
1474	3099642	104	30996.42	1.04	
1475	3100053	140	31000.53	1.4	
1476	3100583	126	31005.83	1.26	
1477	3113198	55	31131.98	0.55	
1478	3113453	47	31134.53	0.47	
1479	3130165	125	31301.65	1.25	
1480	3140644	67	31406.44	0.67	
1481	3142940	54	31429.4	0.54	
1482	3144930	56	31449.3	0.56	
1483	3151746	77	31517.46	0.77	
1484	3155282	51	31552.82	0.51	
1485	3155647	109	31556.47	1.09	
1486	3156958	111	31569.58	1.11	
1487	3157294	102	31572.94	1.02	
1488	3162779	74	31627.79	0.74	
1489	3168329	72	31683.29	0.72	
1490	3169804	63	31698.04	0.63	
1491	3170665	73	31706.65	0.73	
1492	3171358	144	31713.58	1.44	
1493	3171969	137	31719.69	1.37	
1494	3172670	125	31726.7	1.25	
1495	3173234	112	31732.34	1.12	
1496	3179323	62	31793.23	0.62	
1497	3181411	40	31814.11	0.4	
1498	3188485	124	31884.85	1.24	
1499	3190894	69	31908.94	0.69	
1500	3191639	37	31916.39	0.37	
1501	3191881	98	31918.81	0.98	
1502	3193631	50	31936.31	0.5	
1503	3215054	43	32150.54	0.43	
1504	3227322	39	32273.22	0.39	
1505	3279152	72	32791.52	0.72	
1506	3281091	71	32810.91	0.71	
1507	3284232	52	32842.32	0.52	
1508	3286009	101	32860.09	1.01	
1509	3286603	32	32866.03	0.32	
1510	3287429	51	32874.29	0.51	
1511	3288766	48	32887.66	0.48	
1512	3289657	36	32896.57	0.36	
1513	3289906	82	32899.06	0.82	
1514	3290161	41	32901.61	0.41	
1515	3290535	115	32905.35	1.15	
1516	3290961	81	32909.61	0.81	
1517	3291291	33	32912.91	0.33	
1518	3295063	74	32950.63	0.74	
1519	3295406	60	32954.06	0.6	
1520	3295866	79	32958.66	0.79	
1521	3296262	117	32962.62	1.17	
1522	3296624	125	32966.24	1.25	
1523	3297173	180	32971.73	1.8	
1524	3298375	51	32983.75	0.51	
1525	3298439	64	32984.39	0.64	
1526	3298769	94	32987.69	0.94	
1527	3299075	93	32990.75	0.93	
1528	3299215	83	32992.15	0.83	
1529	3302156	88	33021.56	0.88	
1530	3302440	56	33024.4	0.56	
1531	3309232	60	33092.32	0.6	
1532	3312723	67	33127.23	0.67	
1533	3317904	84	33179.04	0.84	
1534	3320091	59	33200.91	0.59	
1535	3323099	60	33230.99	0.6	
1536	3323478	67	33234.78	0.67	
1537	3346873	82	33468.73	0.82	
1538	3347460	34	33474.6	0.34	
1539	3347886	38	33478.86	0.38	
1540	3348941	75	33489.41	0.75	
1541	3349601	53	33496.01	0.53	
1542	3350310	54	33503.1	0.54	
1543	3351071	116	33510.71	1.16	
1544	3351820	105	33518.2	1.05	
1545	3352651	100	33526.51	1	
1546	3353130	66	33531.3	0.66	
1547	3353521	67	33535.21	0.67	
1548	3354071	55	33540.71	0.55	
1549	3355636	65	33556.36	0.65	
1550	3356392	55	33563.92	0.55	
1551	3357032	61	33570.32	0.61	
1552	3357566	56	33575.66	0.56	
1553	3357735	87	33577.35	0.87	
1554	3358327	80	33583.27	0.8	
1555	3358583	155	33585.83	1.55	
1556	3359192	104	33591.92	1.04	
1557	3359565	40	33595.65	0.4	
1558	3360189	66	33601.89	0.66	
1559	3360512	94	33605.12	0.94	
1560	3360728	57	33607.28	0.57	
1561	3362274	76	33622.74	0.76	
1562	3364479	46	33644.79	0.46	
1563	3365002	75	33650.02	0.75	
1564	3365240	118	33652.4	1.18	
1565	3366549	44	33665.49	0.44	
1566	3366800	76	33668	0.76	
1567	3367803	117	33678.03	1.17	
1568	3368139	61	33681.39	0.61	
1569	3372874	42	33728.74	0.42	
1570	3373254	31	33732.54	0.31	
1571	3373550	87	33735.5	0.87	
1572	3375431	111	33754.31	1.11	
1573	3378581	86	33785.81	0.86	
1574	3378850	98	33788.5	0.98	
1575	3383339	87	33833.39	0.87	
1576	3384432	63	33844.32	0.63	
1577	3385108	36	33851.08	0.36	
1578	3391684	39	33916.84	0.39	
1579	3392196	62	33921.96	0.62	
1580	3392854	98	33928.54	0.98	
1581	3393779	40	33937.79	0.4	
1582	3395452	83	33954.52	0.83	
1583	3395823	59	33958.23	0.59	
1584	3396318	89	33963.18	0.89	
1585	3399491	66	33994.91	0.66	
1586	3399636	56	33996.36	0.56	
1587	3400112	50	34001.12	0.5	
1588	3401454	43	34014.54	0.43	
1589	3403658	37	34036.58	0.37	
1590	3410948	62	34109.48	0.62	
1591	3411790	66	34117.9	0.66	
1592	3415171	81	34151.71	0.81	
1593	3416119	62	34161.19	0.62	
1594	3416486	116	34164.86	1.16	
1595	3416632	98	34166.32	0.98	
1596	3416817	88	34168.17	0.88	
1597	3421317	88	34213.17	0.88	
1598	3421942	86	34219.42	0.86	
1599	3426435	51	34264.35	0.51	
1600	3426699	55	34266.99	0.55	
1601	3428198	112	34281.98	1.12	
1602	3429242	59	34292.42	0.59	
1603	3430607	57	34306.07	0.57	
1604	3431035	71	34310.35	0.71	
1605	3431158	83	34311.58	0.83	
1606	3431949	100	34319.49	1	
1607	3432320	75	34323.2	0.75	
1608	3436206	53	34362.06	0.53	
1609	3437470	55	34374.7	0.55	
1610	3437915	59	34379.15	0.59	
1611	3439796	42	34397.96	0.42	
1612	3440127	54	34401.27	0.54	
1613	3440606	87	34406.06	0.87	
1614	3443348	63	34433.48	0.63	
1615	3443690	50	34436.9	0.5	
1616	3445740	49	34457.4	0.49	
1617	3446968	52	34469.68	0.52	
1618	3447672	48	34476.72	0.48	
1619	3447963	77	34479.63	0.77	
1620	3448097	69	34480.97	0.69	
1621	3448264	55	34482.64	0.55	
1622	3449619	60	34496.19	0.6	
1623	3455875	84	34558.75	0.84	
1624	3457494	101	34574.94	1.01	
1625	3460115	89	34601.15	0.89	
1626	3460260	52	34602.6	0.52	
1627	3474700	76	34747	0.76	
1628	3479172	152	34791.72	1.52	
1629	3489770	89	34897.7	0.89	
1630	3497179	100	34971.79	1	
1631	3498035	152	34980.35	1.52	
1632	3500254	69	35002.54	0.69	
1633	3500671	102	35006.71	1.02	
1634	3503367	112	35033.67	1.12	
1635	3504985	100	35049.85	1	
1636	3505955	128	35059.55	1.28	
1637	3506524	44	35065.24	0.44	
1638	3507995	32	35079.95	0.32	
1639	3512262	42	35122.62	0.42	
1640	3516004	80	35160.04	0.8	
1641	3516665	43	35166.65	0.43	
1642	3522986	110	35229.86	1.1	
1643	3523971	38	35239.71	0.38	
1644	3524475	135	35244.75	1.35	
1645	3527934	40	35279.34	0.4	
1646	3528156	57	35281.56	0.57	
1647	3528425	110	35284.25	1.1	
1648	3529577	61	35295.77	0.61	
1649	3530072	45	35300.72	0.45	
1650	3532407	89	35324.07	0.89	
1651	3532811	56	35328.11	0.56	
1652	3533637	73	35336.37	0.73	
1653	3534272	134	35342.72	1.34	
1654	3535375	74	35353.75	0.74	
1655	3541756	44	35417.56	0.44	
1656	3556714	93	35567.14	0.93	
1657	3557077	88	35570.77	0.88	
1658	3557634	58	35576.34	0.58	
1659	3558396	36	35583.96	0.36	
1660	3560033	56	35600.33	0.56	
1661	3562266	113	35622.66	1.13	
1662	3562595	37	35625.95	0.37	
1663	3563540	47	35635.4	0.47	
1664	3564273	64	35642.73	0.64	
1665	3564710	64	35647.1	0.64	
1666	3566000	46	35660	0.46	
1667	3568187	84	35681.87	0.84	
1668	3573929	34	35739.29	0.34	
1669	3574799	62	35747.99	0.62	
1670	3575565	51	35755.65	0.51	
1671	3577856	35	35778.56	0.35	
1672	3580628	68	35806.28	0.68	
1673	3582553	62	35825.53	0.62	
1674	3582784	53	35827.84	0.53	
1675	3582970	47	35829.7	0.47	
1676	3586213	109	35862.13	1.09	
1677	3586662	88	35866.62	0.88	
1678	3586844	45	35868.44	0.45	
1679	3587700	78	35877	0.78	
1680	3592259	71	35922.59	0.71	
1681	3594766	63	35947.66	0.63	
1682	3595862	58	35958.62	0.58	
1683	3596620	65	35966.2	0.65	
1684	3596966	100	35969.66	1	
1685	3597193	96	35971.93	0.96	
1686	3598159	112	35981.59	1.12	
1687	3598725	69	35987.25	0.69	
1688	3599510	98	35995.1	0.98	
1689	3602903	39	36029.03	0.39	
1690	3606384	48	36063.84	0.48	
1691	3606976	64	36069.76	0.64	
1692	3612765	45	36127.65	0.45	
1693	3615636	41	36156.36	0.41	
1694	3618617	58	36186.17	0.58	
1695	3619870	67	36198.7	0.67	
1696	3620220	108	36202.2	1.08	
1697	3657703	62	36577.03	0.62	
1698	3657939	45	36579.39	0.45	
1699	3658494	48	36584.94	0.48	
1700	3658727	57	36587.27	0.57	
1701	3661841	79	36618.41	0.79	
1702	3662257	59	36622.57	0.59	
1703	3662556	63	36625.56	0.63	
1704	3663457	57	36634.57	0.57	
1705	3664601	69	36646.01	0.69	
1706	3668994	53	36689.94	0.53	
1707	3669224	95	36692.24	0.95	
1708	3671047	105	36710.47	1.05	
1709	3671623	81	36716.23	0.81	
1710	3672260	42	36722.6	0.42	
1711	3672621	67	36726.21	0.67	
1712	3673485	105	36734.85	1.05	
1713	3676226	59	36762.26	0.59	
1714	3676451	78	36764.51	0.78	
1715	3676705	103	36767.05	1.03	
1716	3677329	58	36773.29	0.58	
1717	3677899	133	36778.99	1.33	
1718	3678238	91	36782.38	0.91	
1719	3678507	75	36785.07	0.75	
1720	3678769	145	36787.69	1.45	
1721	3679199	60	36791.99	0.6	
1722	3679457	150	36794.57	1.5	
1723	3679811	99	36798.11	0.99	
1724	3683880	79	36838.8	0.79	
1725	3686418	89	36864.18	0.89	
1726	3687243	70	36872.43	0.7	
1727	3687429	38	36874.29	0.38	
1728	3687481	73	36874.81	0.73	
1729	3688021	75	36880.21	0.75	
1730	3689389	77	36893.89	0.77	
1731	3689647	65	36896.47	0.65	
1732	3690540	158	36905.4	1.58	
1733	3690969	44	36909.69	0.44	
1734	3691992	89	36919.92	0.89	
1735	3692290	67	36922.9	0.67	
1736	3696641	84	36966.41	0.84	
1737	3696939	93	36969.39	0.93	
1738	3697161	73	36971.61	0.73	
1739	3698245	98	36982.45	0.98	
1740	3698643	88	36986.43	0.88	
1741	3705294	128	37052.94	1.28	
1742	3705562	65	37055.62	0.65	
1743	3706029	151	37060.29	1.51	
1744	3707126	144	37071.26	1.44	
1745	3708776	69	37087.76	0.69	
1746	3709393	116	37093.93	1.16	
1747	3709912	137	37099.12	1.37	
1748	3711787	71	37117.87	0.71	
1749	3712190	59	37121.9	0.59	
1750	3713471	140	37134.71	1.4	
1751	3713811	121	37138.11	1.21	
1752	3715660	79	37156.6	0.79	
1753	3723053	73	37230.53	0.73	
1754	3723148	90	37231.48	0.9	
1755	3723373	240	37233.73	2.4	
1756	3725074	56	37250.74	0.56	
1757	3764044	51	37640.44	0.51	
1758	3764759	64	37647.59	0.64	
1759	3796082	32	37960.82	0.32	
1760	3796394	71	37963.94	0.71	
1761	3799871	49	37998.71	0.49	
1762	3800614	51	38006.14	0.51	
1763	3810018	35	38100.18	0.35	
1764	3814061	42	38140.61	0.42	
1765	3822837	36	38228.37	0.36	
1766	3829877	96	38298.77	0.96	
1767	3830725	208	38307.25	2.08	
1768	3831096	53	38310.96	0.53	
1769	3831187	150	38311.87	1.5	
1770	3831702	115	38317.02	1.15	
1771	3833073	127	38330.73	1.27	
1772	3833796	78	38337.96	0.78	
1773	3833910	49	38339.1	0.49	
1774	3834170	78	38341.7	0.78	
1775	3834455	129	38344.55	1.29	
1776	3836062	76	38360.62	0.76	
1777	3836242	57	38362.42	0.57	
1778	3837196	107	38371.96	1.07	
1779	3837618	117	38376.18	1.17	
1780	3837945	95	38379.45	0.95	
1781	3838292	171	38382.92	1.71	
1782	3838805	45	38388.05	0.45	
1783	3839101	79	38391.01	0.79	
1784	3839260	79	38392.6	0.79	
1785	3839615	67	38396.15	0.67	
1786	3840442	80	38404.42	0.8	
1787	3840866	93	38408.66	0.93	
1788	3841923	91	38419.23	0.91	
1789	3842782	128	38427.82	1.28	
1790	3843882	61	38438.82	0.61	
1791	3844832	97	38448.32	0.97	
1792	3845506	127	38455.06	1.27	
1793	3845835	86	38458.35	0.86	
1794	3846718	72	38467.18	0.72	
1795	3847238	136	38472.38	1.36	
1796	3847731	70	38477.31	0.7	
1797	3849062	44	38490.62	0.44	
1798	3850257	103	38502.57	1.03	
1799	3851676	73	38516.76	0.73	
1800	3852182	81	38521.82	0.81	
1801	3852638	73	38526.38	0.73	
1802	3853101	103	38531.01	1.03	
1803	3854375	121	38543.75	1.21	
1804	3854688	65	38546.88	0.65	
1805	3855166	85	38551.66	0.85	
1806	3855436	53	38554.36	0.53	
1807	3856173	89	38561.73	0.89	
1808	3857638	61	38576.38	0.61	
1809	3857991	91	38579.91	0.91	
1810	3858372	144	38583.72	1.44	
1811	3858648	51	38586.48	0.51	
1812	3859933	52	38599.33	0.52	
1813	3860056	84	38600.56	0.84	
1814	3861101	52	38611.01	0.52	
1815	3862028	35	38620.28	0.35	
1816	3862082	68	38620.82	0.68	
1817	3862580	95	38625.8	0.95	
1818	3888379	49	38883.79	0.49	
1819	3938226	76	39382.26	0.76	
1820	3939778	34	39397.78	0.34	
1821	3942937	62	39429.37	0.62	
1822	3944201	69	39442.01	0.69	
1823	3945447	42	39454.47	0.42	
1824	3945805	51	39458.05	0.51	
1825	3946225	119	39462.25	1.19	
1826	3947589	105	39475.89	1.05	
1827	3948223	42	39482.23	0.42	
1828	3948550	101	39485.5	1.01	
1829	3949410	87	39494.1	0.87	
1830	3951833	64	39518.33	0.64	
1831	3952125	33	39521.25	0.33	
1832	3953068	59	39530.68	0.59	
1833	3953993	66	39539.93	0.66	
1834	3956082	60	39560.82	0.6	
1835	3961637	69	39616.37	0.69	
