epochNum	subjectID	blockNumSrc	blockNumExp	epochStartSec
1	01-05-0001	4	1	2970
6	01-05-0001	20	2	3320
11	01-05-0001	37	3	3490
16	01-05-0001	50	4	3620
21	01-05-0001	63	5	3750
26	01-05-0001	76	6	8530
31	01-05-0001	91	7	8680
36	01-05-0001	104	8	8810
41	01-05-0001	114	9	9100
46	01-05-0001	127	10	9230
51	01-05-0003	9	1	380
56	01-05-0003	49	2	5083
61	01-05-0003	79	3	5818
66	01-05-0003	98	4	6361
71	01-05-0003	120	5	6581
76	01-05-0003	140	6	6781
81	01-05-0003	175	7	7131
86	01-05-0003	189	8	7271
91	01-05-0003	205	9	8540
96	01-05-0003	213	10	8740
101	01-05-0004	41	1	1659
106	01-05-0004	59	2	1839
111	01-05-0004	116	3	2580
116	01-05-0004	147	4	3220
121	01-05-0004	213	5	6910
126	01-05-0004	242	6	7790
131	01-05-0004	265	7	8020
136	01-05-0004	290	8	8270
141	01-05-0004	335	9	9030
146	01-05-0004	432	10	14508
151	01-05-0005	34	1	2040
156	01-05-0005	56	2	2260
161	01-05-0005	86	3	2990
166	01-05-0005	103	4	3730
171	01-05-0005	169	5	8280
176	01-05-0005	200	6	9040
181	01-05-0005	272	7	10620
186	01-05-0005	290	8	11140
191	01-05-0005	350	9	11740
196	01-05-0005	370	10	13370
201	01-05-0006	29	1	6990
206	01-05-0006	50	2	7200
211	01-05-0006	57	3	7440
216	01-05-0006	67	4	7950
221	01-05-0006	93	5	10200
226	01-05-0006	175	6	12110
231	01-05-0006	181	7	12288
236	01-05-0006	195	8	14550
241	01-05-0006	218	9	14888.59
246	01-05-0006	244	10	15148.59
251	01-05-0007	70	1	7020
256	01-05-0007	100	2	7700
261	01-05-0007	123	3	7930
266	01-05-0007	174	4	8910
271	01-05-0007	200	5	11080
276	01-05-0007	223	6	11480
281	01-05-0007	271	7	12210
286	01-05-0007	275	8	12460
291	01-05-0007	313	9	14740
296	01-05-0007	345	10	15060
301	01-05-0008	11	1	1400
306	01-05-0008	14	2	4180
311	01-05-0008	20	3	4570
316	01-05-0008	35	4	5590
321	01-05-0008	59	5	6020
326	01-05-0008	71	6	8242
331	01-05-0008	92	7	12360
336	01-05-0008	109	8	12530
341	01-05-0008	141	9	12850
346	01-05-0008	158	10	13020
351	01-05-0009	23	1	2850
356	01-05-0009	31	2	5080
361	01-05-0009	42	3	6100
366	01-05-0009	57	4	6520
371	01-05-0009	64	5	6860
376	01-05-0009	101	6	9880
381	01-05-0009	102	7	12180
386	01-05-0009	114	8	12300
391	01-05-0009	132	9	12480
396	01-05-0009	152	10	12680
401	01-05-0010	16	1	930
406	01-05-0010	30	2	1070
411	01-05-0010	44	3	1210
416	01-05-0010	61	4	2640
421	01-05-0010	93	5	5860
426	01-05-0010	130	6	7370
431	01-05-0010	172	7	7980
436	01-05-0010	191	8	8170
441	01-05-0010	216	9	11270
446	01-05-0010	229	10	11400
451	01-05-0011	1	1	140
456	01-05-0011	16	2	290
461	01-05-0011	28	3	2740
466	01-05-0011	45	4	5050
471	01-05-0011	59	5	5190
476	01-05-0011	76	6	5360
481	01-05-0011	129	7	6360
486	01-05-0011	158	8	7800
491	01-05-0011	165	9	8140
496	01-05-0011	166	10	9560
501	01-05-0012	46	1	1280
506	01-05-0012	64	2	1460
511	01-05-0012	87	3	1690
516	01-05-0012	103	4	1850
521	01-05-0012	142	5	3000
526	01-05-0012	218	6	4800
531	01-05-0012	289	7	6430
536	01-05-0012	311	8	9430
541	01-05-0012	462	9	11310
546	01-05-0012	483	10	11830
551	01-05-0013	5	1	744
556	01-05-0013	21	2	1016
561	01-05-0013	32	3	3560
566	01-05-0013	45	4	3690
571	01-05-0013	57	5	5160
576	01-05-0013	71	6	5300
581	01-05-0013	85	7	5440
586	01-05-0013	100	8	5590
591	01-05-0013	123	9	6030
596	01-05-0013	127	10	9793.27
601	01-05-0014	8	1	666
606	01-05-0014	43	2	1640
611	01-05-0014	52	3	4160
616	01-05-0014	58	4	4450
621	01-05-0014	75	5	4620
626	01-05-0014	83	6	5630
631	01-05-0014	95	7	5750
636	01-05-0014	148	8	10890
641	01-05-0014	164	9	11050
646	01-05-0014	170	10	12030
651	01-05-0015	45	1	1671
656	01-05-0015	62	2	3970
661	01-05-0015	98	3	4330
666	01-05-0015	136	4	6090
671	01-05-0015	218	5	7270
676	01-05-0015	248	6	7570
681	01-05-0015	343	7	10890
686	01-05-0015	437	8	14170
691	01-05-0015	531	9	16020
696	01-05-0015	537	10	17410
701	01-05-0017	9	1	800
706	01-05-0017	43	2	1140
711	01-05-0017	86	3	2988
716	01-05-0017	105	4	3178
721	01-05-0017	185	5	7660
726	01-05-0017	308	6	11030
731	01-05-0017	344	7	11390
736	01-05-0017	470	8	12650
741	01-05-0017	509	9	15520
746	01-05-0017	525	10	15680
751	01-05-0016	7	1	3160
756	01-05-0016	35	2	10830
761	01-05-0016	55	3	11205
766	01-05-0018	29	1	680
771	01-05-0018	113	2	7566
776	01-05-0018	132	3	7756
781	01-05-0019	53	1	2530
786	01-05-0019	70	2	6080
791	01-05-0019	91	3	6290
796	01-05-0020	9	1	1050
801	01-05-0020	23	2	1190
806	01-05-0020	61	3	6340
811	01-05-0022	18	1	1250
816	01-05-0022	162	2	11350
821	01-05-0022	207	3	11970
826	01-05-0023	43	1	3280
831	01-05-0023	86	2	4700
836	01-05-0023	113	3	6580
841	01-05-0024	76	1	4980
846	01-05-0024	125	2	11460
851	01-05-0024	141	3	11620
856	01-05-0025	50	1	6098
861	01-05-0025	55	2	7360
866	01-05-0025	94	3	10650
871	01-05-0002	45	1	4340
876	01-05-0002	74	2	10580
881	01-05-0002	75	3	10780
886	01-03-0003	136	1	7330
891	01-03-0003	238	2	9220
896	01-03-0003	312	3	12250
901	01-03-0004	177	1	6868.62
906	01-03-0004	280	2	8672
911	01-03-0004	445	3	12864
916	01-03-0005	117	1	8080
921	01-03-0005	206	2	13430
926	01-03-0005	243	3	13800
931	01-03-0007	9	1	2354
936	01-03-0007	30	2	8730
941	01-03-0007	45	3	9110
946	01-03-0008	41	1	5362
951	01-03-0008	105	2	6200
956	01-03-0008	197	3	12499
961	01-03-0010	38	1	4970
966	01-03-0010	62	2	5210
971	01-03-0010	185	3	12150
976	01-03-0011	73	1	8040
981	01-03-0011	115	2	8660
986	01-03-0011	211	3	12500
991	01-03-0015	182	1	6720
996	01-03-0015	254	2	8850
1001	01-03-0015	541	3	15750
1006	01-03-0020	24	1	1550
1011	01-03-0020	104	2	6800
1016	01-03-0020	117	3	6930
1021	01-03-0021	24	1	5260
1026	01-03-0021	65	2	6320
1031	01-03-0021	105	3	6720
1036	01-03-0022	47	1	6125.25
1041	01-03-0022	141	2	11840
1046	01-03-0022	216	3	14700
1051	01-03-0023	58	1	1890
1056	01-03-0023	82	2	3320
1061	01-03-0023	299	3	9000
1066	01-03-0025	40	1	1700
1071	01-03-0025	115	2	5590
1076	01-03-0025	138	3	5820
1081	01-03-0033	31	1	4510
1086	01-03-0033	162	2	9250
1091	01-03-0033	201	3	10839
1096	01-03-0034	6	1	1190
1101	01-03-0034	192	2	15170
1106	01-03-0034	207	3	17260
1111	01-03-0035	13	1	5212
1116	01-03-0035	31	2	5392
1121	01-03-0035	46	3	9900
1126	01-03-0040	22	1	5280
1131	01-03-0040	48	2	8860
1136	01-03-0040	62	3	9472
1141	01-03-0041	108	1	8918
1146	01-03-0041	127	2	9627
1151	01-03-0041	244	3	13860
1156	01-03-0042	56	1	11124
1161	01-03-0042	74	2	11411
1166	01-03-0042	92	3	12728
1171	01-03-0044	139	1	5330
1176	01-03-0044	157	2	5710
1181	01-03-0044	276	3	9110
1186	01-03-0045	8	1	3790
1191	01-03-0045	41	2	6050
1196	01-03-0045	167	3	10680
1201	01-03-0046	36	1	1340
1206	01-03-0046	173	2	6740.21
1211	01-03-0046	298	3	11270
1216	01-03-0047	179	1	12488
1221	01-03-0047	253	2	14840.35
1226	01-03-0047	268	3	14990.35
1231	01-03-0048	7	1	2940
1236	01-03-0048	19	2	5910
1241	01-03-0048	41	3	6130
1246	01-03-0050	143	1	10540
1251	01-03-0050	204	2	11150
1256	01-03-0050	253	3	11640
1261	01-03-0052	111	1	11005
1266	01-03-0052	164	2	12780
1271	01-03-0052	177	3	12910
1276	01-03-0054	76	1	6070
1281	01-03-0054	143	2	8260
1286	01-03-0054	304	3	12300
1291	01-03-0057	229	1	11320
1296	01-03-0057	282	2	13840
1301	01-03-0057	432	3	15634
1306	01-03-0059	143	1	11960
1311	01-03-0059	173	2	12260
1316	01-03-0059	200	3	12530
1321	01-04-0002	42	1	5820
1326	01-04-0002	67	2	6183
1331	01-04-0002	104	3	7327
1336	01-04-0003	5	1	1260
1341	01-04-0003	94	2	11160
1346	01-04-0003	172	3	12300
1351	01-04-0005	45	1	4776
1356	01-04-0005	182	2	11150
1361	01-04-0005	259	3	13010
1366	01-04-0006	8	1	2150
1371	01-04-0006	65	2	6600
1376	01-04-0006	81	3	6760
1381	01-04-0007	11	1	1500
1386	01-04-0007	31	2	1807
1391	01-04-0007	193	3	11154
1396	01-04-0008	8	1	2310
1401	01-04-0008	54	2	2770
1406	01-04-0008	92	3	4680
1411	01-04-0009	50	1	4130
1416	01-04-0009	250	2	13466
1421	01-04-0009	292	3	14870
1426	01-04-0011	69	1	2760
1431	01-04-0011	124	2	5240
1436	01-04-0011	156	3	6810
1441	01-04-0012	17	1	1220
1446	01-04-0012	105	2	5998
1451	01-04-0012	203	3	10600
1456	01-04-0013	34	1	5000
1461	01-04-0013	54	2	5200
1466	01-04-0013	119	3	8026
1471	01-04-0014	6	1	7490
1476	01-04-0014	95	2	12390
1481	01-04-0014	118	3	12620
1486	01-04-0015	23	1	4930
1491	01-04-0015	38	2	6777
1496	01-04-0015	91	3	10240
1501	01-04-0016	171	1	5170
1506	01-04-0016	375	2	11280
1511	01-04-0016	402	3	13620
1516	01-04-0017	3	1	1960
1521	01-04-0017	68	2	6306
1526	01-04-0017	155	3	12510
1531	01-04-0018	36	1	4264
1536	01-04-0018	58	2	5240
1541	01-04-0018	152	3	10820
1546	01-04-0019	27	1	1520
1551	01-04-0019	50	2	3346
1556	01-04-0019	73	3	8106
1561	01-04-0020	17	1	2760
1566	01-04-0020	312	2	13810
1571	01-04-0020	344	3	14130
1576	01-04-0021	59	1	2970
1581	01-04-0021	99	2	3780
1586	01-04-0021	175	3	11530
1591	01-04-0022	15	1	3300
1596	01-04-0022	32	2	7340
1601	01-04-0022	56	3	8720
1606	01-04-0023	81	1	7030
1611	01-04-0023	194	2	11960
1616	01-04-0023	278	3	13584
1621	01-04-0025	58	1	7060
1626	01-04-0025	86	2	7464
1631	01-04-0025	103	3	7800
1636	01-04-0026	71	1	7040
1641	01-04-0026	102	2	7462
1646	01-04-0026	396	3	12850
1651	01-04-0028	4	1	2530
1656	01-04-0028	20	2	2880
1661	01-04-0028	113	3	12880
1666	01-04-0029	257	1	10294
1671	01-04-0029	297	2	11330
1676	01-04-0029	405	3	12980
1681	01-04-0030	19	1	4960
1686	01-04-0030	49	2	7698
1691	01-04-0030	58	3	9550
1696	01-04-0031	16	1	2130
1701	01-04-0031	29	2	4180
1706	01-04-0031	156	3	11900
1711	01-04-0033	47	1	4600
1716	01-04-0033	187	2	8590
1721	01-04-0033	211	3	9330
1726	01-04-0034	20	1	2530
1731	01-04-0034	87	2	6230
1736	01-04-0034	119	3	6550
1741	01-04-0035	62	1	6370
1746	01-04-0035	120	2	7370
1751	01-04-0035	175	3	8760
1756	01-04-0036	120	1	4322
1761	01-04-0036	155	2	4672
1766	01-04-0036	311	3	8760.03
1771	01-04-0037	25	1	2834
1776	01-04-0037	79	2	11730
1781	01-04-0037	90	3	12058
1786	01-04-0038	86	1	7530
1791	01-04-0038	153	2	8200
1796	01-04-0038	210	3	10660
1801	01-04-0040	54	1	3020
1806	01-04-0040	417	2	10840
1811	01-04-0040	449	3	11160
1816	01-02-0001	94	1	5234
1821	01-02-0001	223	2	11670
1826	01-02-0001	313	3	12740
1831	01-02-0002	20	1	940
1836	01-02-0002	275	2	8110
1841	01-02-0002	379	3	9280
1846	01-02-0003	25	1	2630
1851	01-02-0003	43	2	2810
1856	01-02-0003	81	3	6330
1861	01-02-0004	38	1	630
1866	01-02-0004	189	2	7870
1871	01-02-0004	247	3	9600
1876	01-02-0005	147	1	7140
1881	01-02-0005	172	2	7390
1886	01-02-0005	187	3	7540
1891	01-02-0006	9	1	1216
1896	01-02-0006	37	2	4498
1901	01-02-0006	107	3	7560
1906	01-02-0010	170	1	11368
1911	01-02-0010	209	2	11758
1916	01-02-0010	248	3	13020
1921	01-02-0011	40	1	1350
1926	01-02-0011	87	2	5380
1931	01-02-0011	223	3	10090
1936	01-02-0012	28	1	10584.31
1941	01-02-0012	59	2	11060
1946	01-02-0012	79	3	11450
1951	01-02-0013	50	1	2810
1961	01-02-0013	158	3	7842
1966	01-02-0014	65	1	7400
1971	01-02-0014	108	2	8144
1976	01-02-0014	138	3	10200
1981	01-02-0015	33	1	1660
1986	01-02-0015	45	2	1780
1991	01-02-0015	88	3	6690
1996	01-02-0017	273	1	9066
2001	01-02-0017	410	2	13790
2006	01-02-0017	425	3	13940
2011	01-02-0019	130	1	5270
2016	01-02-0019	163	2	6915
2021	01-02-0019	371	3	11404
