epochNum	subjectID	blockNumSrc	blockNumExp	epochStartSec	
2026	01-01-0001	67	1	8210	
2031	01-01-0001	94	2	8480	
2036	01-01-0001	231	3	14540	
2041	01-01-0001	468	4	18320	
2046	01-01-0001	575	5	19390	
2051	01-01-0001	628	6	19920	
2056	01-01-0001	686	7	24940	
2061	01-01-0001	699	8	25070	
2066	01-01-0001	727	9	25350	
2071	01-01-0001	744	10	25520	
2076	01-01-0007	105	1	5390	
2081	01-01-0007	132	2	8260	
2086	01-01-0007	337	3	15999.08	
2091	01-01-0007	398	4	16810	
2096	01-01-0007	619	5	21310	
2101	01-01-0007	648	6	21800	
2106	01-01-0007	739	7	25180	
2111	01-01-0007	771	8	25760	
2116	01-01-0007	779	9	26070	
2121	01-01-0007	812	10	26400	
2126	01-01-0008	37	1	10730	
2131	01-01-0008	79	2	12560	
2136	01-01-0008	129	3	17670	
2141	01-01-0008	147	4	17850	
2146	01-01-0008	162	5	18000	
2151	01-01-0008	191	6	18290	
2156	01-01-0008	198	7	22490	
2161	01-01-0008	234	8	22968	
2166	01-01-0008	251	9	23138	
2171	01-01-0008	275	10	23378	
2176	01-01-0010	4	1	3480	
2181	01-01-0010	38	2	9030	
2186	01-01-0010	64	3	13420	
2191	01-01-0010	79	4	17450	
2196	01-01-0010	111	5	20110	
2201	01-01-0010	134	6	21930	
2206	01-01-0010	154	7	23786	
2211	01-01-0010	171	8	23956	
2216	01-01-0010	190	9	24146	
2221	01-01-0010	212	10	24366	
2226	01-01-0011	36	1	3460	
2231	01-01-0011	86	2	7350	
2236	01-01-0011	235	3	14270	
2241	01-01-0011	272	4	15470	
2246	01-01-0011	301	5	16170	
2251	01-01-0011	351	6	17770	
2256	01-01-0011	406	7	19246	
2261	01-01-0011	419	8	21920	
2266	01-01-0011	437	9	22510	
2271	01-01-0011	469	10	22830	
2276	01-01-0012	40	1	9822	
2281	01-01-0012	57	2	9992	
2286	01-01-0012	80	3	13810	
2291	01-01-0012	113	4	16520	
2296	01-01-0012	142	5	17514	
2301	01-01-0012	204	6	19222	
2306	01-01-0012	236	7	20420	
2311	01-01-0012	260	8	21120	
2316	01-01-0012	284	9	21360	
2321	01-01-0012	397	10	30456	
2326	01-01-0013	69	1	2040	
2331	01-01-0013	87	2	4430	
2336	01-01-0013	155	3	8130	
2341	01-01-0013	179	4	8370	
2346	01-01-0013	209	5	8670	
2351	01-01-0013	306	6	11840	
2356	01-01-0013	436	7	15850	
2361	01-01-0013	466	8	16440	
2366	01-01-0013	559	9	22110	
2371	01-01-0013	598	10	27210	
2376	01-01-0014	96	1	6518.75	
2381	01-01-0014	112	2	6678.75	
2386	01-01-0014	138	3	8430	
2391	01-01-0014	191	4	9160	
2396	01-01-0014	218	5	12796.93	
2401	01-01-0014	240	6	13016.93	
2406	01-01-0014	310	7	17060	
2411	01-01-0014	335	8	17310	
2416	01-01-0014	358	9	19680	
2421	01-01-0014	388	10	20360	
2426	01-01-0016	69	1	10150	
2431	01-01-0016	96	2	12600	
2436	01-01-0016	108	3	12720	
2441	01-01-0016	151	4	15430	
2446	01-01-0016	157	5	16010	
2451	01-01-0016	173	6	16170	
2456	01-01-0016	210	7	18980	
2461	01-01-0016	219	8	19950	
2466	01-01-0016	256	9	20750	
2471	01-01-0016	285	10	21040	
2476	01-01-0017	153	1	11130	
2481	01-01-0017	186	2	13850	
2486	01-01-0017	224	3	14230	
2491	01-01-0017	241	4	14400	
2496	01-01-0017	320	5	21340	
2501	01-01-0017	342	6	21560	
2506	01-01-0017	362	7	25020	
2511	01-01-0017	380	8	25600	
2516	01-01-0017	399	9	25790	
2521	01-01-0017	411	10	25910	
2526	01-01-0018	161	1	5310	
2531	01-01-0018	255	2	6480	
2536	01-01-0018	309	3	7136	
2541	01-01-0018	444	4	10760	
2546	01-01-0018	527	5	13640	
2551	01-01-0018	610	6	14470	
2556	01-01-0018	671	7	19120	
2561	01-01-0018	708	8	19490	
2566	01-01-0018	762	9	20550	
2571	01-01-0018	788	10	21010	
2576	01-01-0019	25	1	5980	1.5586
2581	01-01-0019	34	2	6750	1.6094
2586	01-01-0019	69	3	9652	1.793
2591	01-01-0019	193	4	13130	2.0156
2596	01-01-0019	205	5	13250	2.0234
2601	01-01-0019	237	6	21640	2.5586
2606	01-01-0019	325	7	22900	2.6406
2611	01-01-0019	345	8	25040	2.7773
2616	01-01-0019	395	9	26900	2.8984
2621	01-01-0019	427	10	27856	2.957
2626	01-01-0020	2	1	3959.82	
2631	01-01-0020	27	2	4410	
2636	01-01-0020	40	3	4890	
2641	01-01-0020	101	4	6280	
2646	01-01-0020	144	5	10520	
2651	01-01-0020	258	6	14670	
2656	01-01-0020	279	7	15860	
2661	01-01-0020	297	8	16040	
2666	01-01-0020	316	9	17930	
2671	01-01-0020	356	10	31560	
2676	01-01-0021	70	1	11810	
2681	01-01-0021	85	2	11960	
2686	01-01-0021	99	3	12100	
2691	01-01-0021	114	4	12450	
2696	01-01-0021	131	5	12620	
2701	01-01-0021	180	6	13110	
2706	01-01-0021	286	7	17670	
2711	01-01-0021	375	8	18560	
2716	01-01-0021	403	9	18840	
2721	01-01-0021	604	10	25309.81	
2726	01-01-0022	46	1	1990	
2731	01-01-0022	88	2	2410	
2736	01-01-0022	108	3	2610	
2741	01-01-0022	140	4	2930	
2746	01-01-0022	158	5	3550	
2751	01-01-0022	205	6	5230	
2756	01-01-0022	229	7	8100	
2761	01-01-0022	266	8	8730	
2766	01-01-0022	345	9	9950	
2771	01-01-0022	420	10	10930	
2776	01-01-0023	27	1	4690.17	
2781	01-01-0023	230	2	17690	
2786	01-01-0023	499	3	28186	
2791	01-01-0024	357	1	16850	
2796	01-01-0024	369	2	16970	
2801	01-01-0024	732	3	30840	
2806	01-01-0025	198	1	8880	
2811	01-01-0025	222	2	9120	
2816	01-01-0025	528	3	23510	
2821	01-01-0026	99	1	5800	
2826	01-01-0026	351	2	14870	
2831	01-01-0026	697	3	22832	
2836	01-01-0027	54	1	6500	
2841	01-01-0027	145	2	10160	
2846	01-01-0027	253	3	15840	
2851	01-01-0028	79	1	4490	
2856	01-01-0028	546	2	18120	
2861	01-01-0028	560	3	18260	
2866	01-01-0029	23	1	7950	
2871	01-01-0029	96	2	17020	
2876	01-01-0029	235	3	24130	
2881	01-01-0030	5	1	2710	
2886	01-01-0030	117	2	10650	
2891	01-01-0030	276	3	16060	
2896	01-01-0031	42	1	2190	
2901	01-01-0031	176	2	7900	
2906	01-01-0031	636	3	17290	
2911	01-01-0032	40	1	5840	
2916	01-01-0032	217	2	22650	
2921	01-01-0032	257	3	23250	
2926	01-01-0033	106	1	12496	
2931	01-01-0033	203	2	19054	
2936	01-01-0033	286	3	20580	
2941	01-01-0035	159	1	7860	
2946	01-01-0035	173	2	8000	
2951	01-01-0035	634	3	21440	
2956	01-01-0036	333	1	9340	
2961	01-01-0036	570	2	19926	
2966	01-01-0036	827	3	26430	
2971	01-01-0037	19	1	6270	
2976	01-01-0037	23	2	10050	
2981	01-01-0037	35	3	10170	
2986	01-01-0038	83	1	3891	
2991	01-01-0038	780	2	22610	
2996	01-01-0038	951	3	24320	
3001	01-01-0040	289	1	16720	
3006	01-01-0040	309	2	16920	
3011	01-01-0040	328	3	17310	
3016	01-01-0041	49	1	2640	
3021	01-01-0041	270	2	13810	
3026	01-01-0041	276	3	14070	
3031	01-01-0042	125	1	8040	
3036	01-01-0042	172	2	20390	
3041	01-01-0042	196	3	20630	
3046	01-01-0043	356	1	13370	
3051	01-01-0043	499	2	18220	
3056	01-01-0043	766	3	27250	
3061	01-01-0044	217	1	17390	
3066	01-01-0044	530	2	28470	
3071	01-01-0044	582	3	30950	
3076	01-01-0046	274	1	8050	
3081	01-01-0046	556	2	14660	
3086	01-01-0046	585	3	15150	
3091	01-01-0047	196	1	9630	
3096	01-01-0047	311	2	19380	
3101	01-01-0047	357	3	21110	
3106	01-01-0048	98	1	13700	
3111	01-01-0048	126	2	13980	
3116	01-01-0048	464	3	24700	
3121	01-01-0049	36	1	14770	
3126	01-01-0049	53	2	14940	
3131	01-01-0049	79	3	15200	
3136	01-01-0050	5	1	12200	
3141	01-01-0050	94	2	21990	
3146	01-01-0050	143	3	25750	
3151	01-01-0051	114	1	4140	
3156	01-01-0051	167	2	7960	
3161	01-01-0051	356	3	18080	
3166	01-01-0053	114	1	12310	
3171	01-01-0053	275	2	14120	
3176	01-01-0053	580	3	30370	
3181	01-01-0002	50	1	2970	
3186	01-01-0002	203	2	10000	
3191	01-01-0002	473	3	22230	
3196	01-01-0003	140	1	15180	
3201	01-01-0003	230	2	20170	
3206	01-01-0003	337	3	23110	
3211	01-01-0004	170	1	5040	
3216	01-01-0004	394	2	12200	
3221	01-01-0004	467	3	14440	
3226	01-01-0005	54	1	3130	
3231	01-01-0005	105	2	4634	
3236	01-01-0005	161	3	5194	
3241	01-01-0006	131	1	15100	
3246	01-01-0006	192	2	19060	
3251	01-01-0006	212	3	19460	
3256	01-01-0052	87	1	11800	
3261	01-01-0052	129	2	15740	
3266	01-01-0052	161	3	19800	
3271	01-03-0001	82	1	5270	
3276	01-03-0001	268	2	12600	
3281	01-03-0001	773	3	27120	
3286	01-03-0002	22	1	1710	
3291	01-03-0002	522	2	25050	
3296	01-03-0002	678	3	29610	
3301	01-03-0006	139	1	8160	
3306	01-03-0006	307	2	13550	
3311	01-03-0006	374	3	14220	
3316	01-03-0009	178	1	16240	
3321	01-03-0009	210	2	17526	
3326	01-03-0009	373	3	26010	
3331	01-03-0012	151	1	6930	
3336	01-03-0012	329	2	18750	
3341	01-03-0012	351	3	18970	
3346	01-03-0013	355	1	12166	
3351	01-03-0013	588	2	18180	
3356	01-03-0013	648	3	18980	
3361	01-03-0014	37	1	1740	
3366	01-03-0014	361	2	11110	
3371	01-03-0014	969	3	27580	
3376	01-03-0016	742	1	24770	
3381	01-03-0016	865	2	28080	
3386	01-03-0016	895	3	28380	
3391	01-03-0017	110	1	1650	
3396	01-03-0017	308	2	6670	
3401	01-03-0017	403	3	10570	
3406	01-03-0018	113	1	7410	
3411	01-03-0018	576	2	20840	
3416	01-03-0018	619	3	24100	
3421	01-03-0019	80	1	2690	
3426	01-03-0019	362	2	13972	
3431	01-03-0019	489	3	16540	
3436	01-03-0024	540	1	15500	
3441	01-03-0024	597	2	19080	
3446	01-03-0024	696	3	20070	
3451	01-03-0026	301	1	11230	
3456	01-03-0026	636	2	21750	
3461	01-03-0026	814	3	25760	
3466	01-03-0027	34	1	690	
3471	01-03-0027	220	2	5150	
3476	01-03-0027	835	3	18084	
3481	01-03-0028	293	1	16740	
3486	01-03-0028	316	2	17490	
3491	01-03-0028	575	3	25310	
3496	01-03-0029	554	1	19490	
3501	01-03-0029	570	2	19650	
3506	01-03-0029	786	3	26270	
3511	01-03-0030	57	1	4140	
3516	01-03-0030	187	2	17840	
3521	01-03-0030	272	3	23540	
3526	01-03-0031	23	1	3114	
3531	01-03-0031	191	2	8030	
3536	01-03-0031	707	3	23250	
3541	01-03-0032	163	1	5660	
3546	01-03-0032	485	2	15290	
3551	01-03-0032	969	3	26230	
3556	01-03-0036	369	1	10959	
3561	01-03-0036	404	2	11309	
3566	01-03-0036	591	3	13179	
3571	01-03-0037	26	1	1840	
3576	01-03-0037	38	2	2360	
3581	01-03-0037	437	3	18170	
3586	01-03-0038	47	1	1174	
3591	01-03-0038	345	2	16570	
3596	01-03-0038	622	3	26997.05	
3601	01-03-0039	359	1	20140	
3606	01-03-0039	422	2	21180	
3611	01-03-0039	441	3	21486	
3616	01-03-0051	98	1	8738	
3621	01-03-0051	333	2	17360	
3626	01-03-0051	435	3	21460	
3631	01-03-0053	481	1	20860	
3636	01-03-0053	596	2	22530	
3641	01-03-0053	733	3	29150	
3646	01-03-0056	226	1	12900	
3651	01-03-0056	248	2	13850	
3656	01-03-0056	456	3	25740	
3661	01-03-0058	58	1	6342	
3666	01-03-0058	107	2	7790	
3671	01-03-0058	144	3	10800	
3676	01-03-0060	257	1	13440	
3681	01-03-0060	513	2	23050	
3686	01-03-0060	549	3	23410	
3691	01-03-0061	71	1	3110	
3696	01-03-0061	477	2	11800	
3701	01-03-0061	635	3	17380	
3706	01-03-0062	406	1	13750	
3711	01-03-0062	606	2	18030	
3716	01-03-0062	648	3	20280	
3721	01-03-0063	7	1	2940	
3726	01-03-0063	122	2	12750	
3731	01-03-0063	186	3	15250	
3736	01-03-0064	72	1	6160	
3741	01-03-0064	116	2	7460	
3746	01-03-0064	704	3	27850	
