EEGVectBlockNum	PSGFilename	startSamples	durationSamples	startSec	durationSec	
1	01-05-0001	760321	29440	2970	115	
2	01-05-0001	849921	29440	3320	115	
3	01-05-0001	893441	29440	3490	115	
4	01-05-0001	926721	29440	3620	115	
5	01-05-0001	960001	29440	3750	115	
6	01-05-0001	2183681	29440	8530	115	
7	01-05-0001	2222081	29440	8680	115	
8	01-05-0001	2255361	29440	8810	115	
9	01-05-0001	2329601	29440	9100	115	
10	01-05-0001	2362881	29440	9230	115	
11	01-05-0003	97281	29440	380	115	
12	01-05-0003	1301249	29440	5083	115	
13	01-05-0003	1489409	29440	5818	115	
14	01-05-0003	1628417	29440	6361	115	
15	01-05-0003	1684737	29440	6581	115	
16	01-05-0003	1735937	29440	6781	115	
17	01-05-0003	1825537	29440	7131	115	
18	01-05-0003	1861377	29440	7271	115	
19	01-05-0003	2186241	29440	8540	115	
20	01-05-0003	2237441	29440	8740	115	
21	01-05-0004	424705	29440	1659	115	
22	01-05-0004	470785	29440	1839	115	
23	01-05-0004	660481	29440	2580	115	
24	01-05-0004	824321	29440	3220	115	
25	01-05-0004	1768961	29440	6910	115	
26	01-05-0004	1994241	29440	7790	115	
27	01-05-0004	2053121	29440	8020	115	
28	01-05-0004	2117121	29440	8270	115	
29	01-05-0004	2311681	29440	9030	115	
30	01-05-0004	3714049	29440	14508	115	
31	01-05-0005	522241	29440	2040	115	
32	01-05-0005	578561	29440	2260	115	
33	01-05-0005	765441	29440	2990	115	
34	01-05-0005	954881	29440	3730	115	
35	01-05-0005	2119681	29440	8280	115	
36	01-05-0005	2314241	29440	9040	115	
37	01-05-0005	2718721	29440	10620	115	
38	01-05-0005	2851841	29440	11140	115	
39	01-05-0005	3005441	29440	11740	115	
40	01-05-0005	3422721	29440	13370	115	
41	01-05-0006	1789441	29440	6990	115	
42	01-05-0006	1843201	29440	7200	115	
43	01-05-0006	1904641	29440	7440	115	
44	01-05-0006	2035201	29440	7950	115	
45	01-05-0006	2611201	29440	10200	115	
46	01-05-0006	3100161	29440	12110	115	
47	01-05-0006	3145729	29440	12288	115	
48	01-05-0006	3724801	29440	14550	115	
49	01-05-0006	3811480	29440	14888.59	115	
50	01-05-0006	3878040	29440	15148.59	115	
51	01-05-0007	1797121	29440	7020	115	
52	01-05-0007	1971201	29440	7700	115	
53	01-05-0007	2030081	29440	7930	115	
54	01-05-0007	2280961	29440	8910	115	
55	01-05-0007	2836481	29440	11080	115	
56	01-05-0007	2938881	29440	11480	115	
57	01-05-0007	3125761	29440	12210	115	
58	01-05-0007	3189761	29440	12460	115	
59	01-05-0007	3773441	29440	14740	115	
60	01-05-0007	3855361	29440	15060	115	
61	01-05-0008	358401	29440	1400	115	
62	01-05-0008	1070081	29440	4180	115	
63	01-05-0008	1169921	29440	4570	115	
64	01-05-0008	1431041	29440	5590	115	
65	01-05-0008	1541121	29440	6020	115	
66	01-05-0008	2109953	29440	8242	115	
67	01-05-0008	3164161	29440	12360	115	
68	01-05-0008	3207681	29440	12530	115	
69	01-05-0008	3289601	29440	12850	115	
70	01-05-0008	3333121	29440	13020	115	
71	01-05-0009	729601	29440	2850	115	
72	01-05-0009	1300481	29440	5080	115	
73	01-05-0009	1561601	29440	6100	115	
74	01-05-0009	1669121	29440	6520	115	
75	01-05-0009	1756161	29440	6860	115	
76	01-05-0009	2529281	29440	9880	115	
77	01-05-0009	3118081	29440	12180	115	
78	01-05-0009	3148801	29440	12300	115	
79	01-05-0009	3194881	29440	12480	115	
80	01-05-0009	3246081	29440	12680	115	
81	01-05-0010	238081	29440	930	115	
82	01-05-0010	273921	29440	1070	115	
83	01-05-0010	309761	29440	1210	115	
84	01-05-0010	675841	29440	2640	115	
85	01-05-0010	1500161	29440	5860	115	
86	01-05-0010	1886721	29440	7370	115	
87	01-05-0010	2042881	29440	7980	115	
88	01-05-0010	2091521	29440	8170	115	
89	01-05-0010	2885121	29440	11270	115	
90	01-05-0010	2918401	29440	11400	115	
91	01-05-0011	35841	29440	140	115	
92	01-05-0011	74241	29440	290	115	
93	01-05-0011	701441	29440	2740	115	
94	01-05-0011	1292801	29440	5050	115	
95	01-05-0011	1328641	29440	5190	115	
96	01-05-0011	1372161	29440	5360	115	
97	01-05-0011	1628161	29440	6360	115	
98	01-05-0011	1996801	29440	7800	115	
99	01-05-0011	2083841	29440	8140	115	
100	01-05-0011	2447361	29440	9560	115	
101	01-05-0012	327681	29440	1280	115	
102	01-05-0012	373761	29440	1460	115	
103	01-05-0012	432641	29440	1690	115	
104	01-05-0012	473601	29440	1850	115	
105	01-05-0012	768001	29440	3000	115	
106	01-05-0012	1228801	29440	4800	115	
107	01-05-0012	1646081	29440	6430	115	
108	01-05-0012	2414081	29440	9430	115	
109	01-05-0012	2895361	29440	11310	115	
110	01-05-0012	3028481	29440	11830	115	
111	01-05-0013	190465	29440	744	115	
112	01-05-0013	260097	29440	1016	115	
113	01-05-0013	911361	29440	3560	115	
114	01-05-0013	944641	29440	3690	115	
115	01-05-0013	1320961	29440	5160	115	
116	01-05-0013	1356801	29440	5300	115	
117	01-05-0013	1392641	29440	5440	115	
118	01-05-0013	1431041	29440	5590	115	
119	01-05-0013	1543681	29440	6030	115	
120	01-05-0013	2507078	29440	9793.27	115	
121	01-05-0014	170497	29440	666	115	
122	01-05-0014	419841	29440	1640	115	
123	01-05-0014	1064961	29440	4160	115	
124	01-05-0014	1139201	29440	4450	115	
125	01-05-0014	1182721	29440	4620	115	
126	01-05-0014	1441281	29440	5630	115	
127	01-05-0014	1472001	29440	5750	115	
128	01-05-0014	2787841	29440	10890	115	
129	01-05-0014	2828801	29440	11050	115	
130	01-05-0014	3079681	29440	12030	115	
131	01-05-0015	427777	29440	1671	115	
132	01-05-0015	1016321	29440	3970	115	
133	01-05-0015	1108481	29440	4330	115	
134	01-05-0015	1559041	29440	6090	115	
135	01-05-0015	1861121	29440	7270	115	
136	01-05-0015	1937921	29440	7570	115	
137	01-05-0015	2787841	29440	10890	115	
138	01-05-0015	3627521	29440	14170	115	
139	01-05-0015	4101121	29440	16020	115	
140	01-05-0015	4456961	29440	17410	115	
141	01-05-0017	204801	29440	800	115	
142	01-05-0017	291841	29440	1140	115	
143	01-05-0017	764929	29440	2988	115	
144	01-05-0017	813569	29440	3178	115	
145	01-05-0017	1960961	29440	7660	115	
146	01-05-0017	2823681	29440	11030	115	
147	01-05-0017	2915841	29440	11390	115	
148	01-05-0017	3238401	29440	12650	115	
149	01-05-0017	3973121	29440	15520	115	
150	01-05-0017	4014081	29440	15680	115	
151	01-05-0016	808961	29440	3160	115	
152	01-05-0016	2772481	29440	10830	115	
153	01-05-0016	2868481	29440	11205	115	
154	01-05-0018	174081	29440	680	115	
155	01-05-0018	1936897	29440	7566	115	
156	01-05-0018	1985537	29440	7756	115	
157	01-05-0019	647681	29440	2530	115	
158	01-05-0019	1556481	29440	6080	115	
159	01-05-0019	1610241	29440	6290	115	
160	01-05-0020	268801	29440	1050	115	
161	01-05-0020	304641	29440	1190	115	
162	01-05-0020	1623041	29440	6340	115	
163	01-05-0022	320001	29440	1250	115	
164	01-05-0022	2905601	29440	11350	115	
165	01-05-0022	3064321	29440	11970	115	
166	01-05-0023	839681	29440	3280	115	
167	01-05-0023	1203201	29440	4700	115	
168	01-05-0023	1684481	29440	6580	115	
169	01-05-0024	1274881	29440	4980	115	
170	01-05-0024	2933761	29440	11460	115	
171	01-05-0024	2974721	29440	11620	115	
172	01-05-0025	1561089	29440	6098	115	
173	01-05-0025	1884161	29440	7360	115	
174	01-05-0025	2726401	29440	10650	115	
175	01-05-0002	1111041	29440	4340	115	
176	01-05-0002	2708481	29440	10580	115	
177	01-05-0002	2759681	29440	10780	115	
178	01-03-0003	1876481	29440	7330	115	
179	01-03-0003	2360321	29440	9220	115	
180	01-03-0003	3136001	29440	12250	115	
181	01-03-0004	1758368	29440	6868.62	115	
182	01-03-0004	2220033	29440	8672	115	
183	01-03-0004	3293185	29440	12864	115	
184	01-03-0005	2068481	29440	8080	115	
185	01-03-0005	3438081	29440	13430	115	
186	01-03-0005	3532801	29440	13800	115	
187	01-03-0007	602625	29440	2354	115	
188	01-03-0007	2234881	29440	8730	115	
189	01-03-0007	2332161	29440	9110	115	
190	01-03-0008	1372673	29440	5362	115	
191	01-03-0008	1587201	29440	6200	115	
192	01-03-0008	3199745	29440	12499	115	
193	01-03-0010	1272321	29440	4970	115	
194	01-03-0010	1333761	29440	5210	115	
195	01-03-0010	3110401	29440	12150	115	
196	01-03-0011	2058241	29440	8040	115	
197	01-03-0011	2216961	29440	8660	115	
198	01-03-0011	3200001	29440	12500	115	
199	01-03-0015	1720321	29440	6720	115	
200	01-03-0015	2265601	29440	8850	115	
201	01-03-0015	4032001	29440	15750	115	
202	01-03-0020	396801	29440	1550	115	
203	01-03-0020	1740801	29440	6800	115	
204	01-03-0020	1774081	29440	6930	115	
205	01-03-0021	1346561	29440	5260	115	
206	01-03-0021	1617921	29440	6320	115	
207	01-03-0021	1720321	29440	6720	115	
208	01-03-0022	1568065	29440	6125.25	115	
209	01-03-0022	3031041	29440	11840	115	
210	01-03-0022	3763201	29440	14700	115	
211	01-03-0023	483841	29440	1890	115	
212	01-03-0023	849921	29440	3320	115	
213	01-03-0023	2304001	29440	9000	115	
214	01-03-0025	435201	29440	1700	115	
215	01-03-0025	1431041	29440	5590	115	
216	01-03-0025	1489921	29440	5820	115	
217	01-03-0033	1154561	29440	4510	115	
218	01-03-0033	2368001	29440	9250	115	
219	01-03-0033	2774785	29440	10839	115	
220	01-03-0034	304641	29440	1190	115	
221	01-03-0034	3883521	29440	15170	115	
222	01-03-0034	4418561	29440	17260	115	
223	01-03-0035	1334273	29440	5212	115	
224	01-03-0035	1380353	29440	5392	115	
225	01-03-0035	2534401	29440	9900	115	
226	01-03-0040	1351681	29440	5280	115	
227	01-03-0040	2268161	29440	8860	115	
228	01-03-0040	2424833	29440	9472	115	
229	01-03-0041	2283009	29440	8918	115	
230	01-03-0041	2464513	29440	9627	115	
231	01-03-0041	3548161	29440	13860	115	
232	01-03-0042	2847745	29440	11124	115	
233	01-03-0042	2921217	29440	11411	115	
234	01-03-0042	3258369	29440	12728	115	
235	01-03-0044	1364481	29440	5330	115	
236	01-03-0044	1461761	29440	5710	115	
237	01-03-0044	2332161	29440	9110	115	
238	01-03-0045	970241	29440	3790	115	
239	01-03-0045	1548801	29440	6050	115	
240	01-03-0045	2734081	29440	10680	115	
241	01-03-0046	343041	29440	1340	115	
242	01-03-0046	1725495	29440	6740.21	115	
243	01-03-0046	2885121	29440	11270	115	
244	01-03-0047	3196929	29440	12488	115	
245	01-03-0047	3799131	29440	14840.35	115	
246	01-03-0047	3837531	29440	14990.35	115	
247	01-03-0048	752641	29440	2940	115	
248	01-03-0048	1512961	29440	5910	115	
249	01-03-0048	1569281	29440	6130	115	
250	01-03-0050	2698241	29440	10540	115	
251	01-03-0050	2854401	29440	11150	115	
252	01-03-0050	2979841	29440	11640	115	
253	01-03-0052	2817281	29440	11005	115	
254	01-03-0052	3271681	29440	12780	115	
255	01-03-0052	3304961	29440	12910	115	
256	01-03-0054	1553921	29440	6070	115	
257	01-03-0054	2114561	29440	8260	115	
258	01-03-0054	3148801	29440	12300	115	
259	01-03-0057	2897921	29440	11320	115	
260	01-03-0057	3543041	29440	13840	115	
261	01-03-0057	4002305	29440	15634	115	
262	01-03-0059	3061761	29440	11960	115	
263	01-03-0059	3138561	29440	12260	115	
264	01-03-0059	3207681	29440	12530	115	
265	01-04-0002	1489921	29440	5820	115	
266	01-04-0002	1582849	29440	6183	115	
267	01-04-0002	1875713	29440	7327	115	
268	01-04-0003	322561	29440	1260	115	
269	01-04-0003	2856961	29440	11160	115	
270	01-04-0003	3148801	29440	12300	115	
271	01-04-0005	1222657	29440	4776	115	
272	01-04-0005	2854401	29440	11150	115	
273	01-04-0005	3330561	29440	13010	115	
274	01-04-0006	550401	29440	2150	115	
275	01-04-0006	1689601	29440	6600	115	
276	01-04-0006	1730561	29440	6760	115	
277	01-04-0007	384001	29440	1500	115	
278	01-04-0007	462593	29440	1807	115	
279	01-04-0007	2855425	29440	11154	115	
280	01-04-0008	591361	29440	2310	115	
281	01-04-0008	709121	29440	2770	115	
282	01-04-0008	1198081	29440	4680	115	
283	01-04-0009	1057281	29440	4130	115	
284	01-04-0009	3447297	29440	13466	115	
285	01-04-0009	3806721	29440	14870	115	
286	01-04-0011	706561	29440	2760	115	
287	01-04-0011	1341441	29440	5240	115	
288	01-04-0011	1743361	29440	6810	115	
289	01-04-0012	312321	29440	1220	115	
290	01-04-0012	1535489	29440	5998	115	
291	01-04-0012	2713601	29440	10600	115	
292	01-04-0013	1280001	29440	5000	115	
293	01-04-0013	1331201	29440	5200	115	
294	01-04-0013	2054657	29440	8026	115	
295	01-04-0014	1917441	29440	7490	115	
296	01-04-0014	3171841	29440	12390	115	
297	01-04-0014	3230721	29440	12620	115	
298	01-04-0015	1262081	29440	4930	115	
299	01-04-0015	1734913	29440	6777	115	
300	01-04-0015	2621441	29440	10240	115	
301	01-04-0016	1323521	29440	5170	115	
302	01-04-0016	2887681	29440	11280	115	
303	01-04-0016	3486721	29440	13620	115	
304	01-04-0017	501761	29440	1960	115	
305	01-04-0017	1614337	29440	6306	115	
306	01-04-0017	3202561	29440	12510	115	
307	01-04-0018	1091585	29440	4264	115	
308	01-04-0018	1341441	29440	5240	115	
309	01-04-0018	2769921	29440	10820	115	
310	01-04-0019	389121	29440	1520	115	
311	01-04-0019	856577	29440	3346	115	
312	01-04-0019	2075137	29440	8106	115	
313	01-04-0020	706561	29440	2760	115	
314	01-04-0020	3535361	29440	13810	115	
315	01-04-0020	3617281	29440	14130	115	
316	01-04-0021	760321	29440	2970	115	
317	01-04-0021	967681	29440	3780	115	
318	01-04-0021	2951681	29440	11530	115	
319	01-04-0022	844801	29440	3300	115	
320	01-04-0022	1879041	29440	7340	115	
321	01-04-0022	2232321	29440	8720	115	
322	01-04-0023	1799681	29440	7030	115	
323	01-04-0023	3061761	29440	11960	115	
324	01-04-0023	3477505	29440	13584	115	
325	01-04-0025	1807361	29440	7060	115	
326	01-04-0025	1910785	29440	7464	115	
327	01-04-0025	1996801	29440	7800	115	
328	01-04-0026	1802241	29440	7040	115	
329	01-04-0026	1910273	29440	7462	115	
330	01-04-0026	3289601	29440	12850	115	
331	01-04-0028	647681	29440	2530	115	
332	01-04-0028	737281	29440	2880	115	
333	01-04-0028	3297281	29440	12880	115	
334	01-04-0029	2635265	29440	10294	115	
335	01-04-0029	2900481	29440	11330	115	
336	01-04-0029	3322881	29440	12980	115	
337	01-04-0030	1269761	29440	4960	115	
338	01-04-0030	1970689	29440	7698	115	
339	01-04-0030	2444801	29440	9550	115	
340	01-04-0031	545281	29440	2130	115	
341	01-04-0031	1070081	29440	4180	115	
342	01-04-0031	3046401	29440	11900	115	
343	01-04-0033	1177601	29440	4600	115	
344	01-04-0033	2199041	29440	8590	115	
345	01-04-0033	2388481	29440	9330	115	
346	01-04-0034	647681	29440	2530	115	
347	01-04-0034	1594881	29440	6230	115	
348	01-04-0034	1676801	29440	6550	115	
349	01-04-0035	1630721	29440	6370	115	
350	01-04-0035	1886721	29440	7370	115	
351	01-04-0035	2242561	29440	8760	115	
352	01-04-0036	1106433	29440	4322	115	
353	01-04-0036	1196033	29440	4672	115	
354	01-04-0036	2242569	29440	8760.03	115	
355	01-04-0037	725505	29440	2834	115	
356	01-04-0037	3002881	29440	11730	115	
357	01-04-0037	3086849	29440	12058	115	
358	01-04-0038	1927681	29440	7530	115	
359	01-04-0038	2099201	29440	8200	115	
360	01-04-0038	2728961	29440	10660	115	
361	01-04-0040	773121	29440	3020	115	
362	01-04-0040	2775041	29440	10840	115	
363	01-04-0040	2856961	29440	11160	115	
364	01-02-0001	1339905	29440	5234	115	
365	01-02-0001	2987521	29440	11670	115	
366	01-02-0001	3261441	29440	12740	115	
367	01-02-0002	240641	29440	940	115	
368	01-02-0002	2076161	29440	8110	115	
369	01-02-0002	2375681	29440	9280	115	
370	01-02-0003	673281	29440	2630	115	
371	01-02-0003	719361	29440	2810	115	
372	01-02-0003	1620481	29440	6330	115	
373	01-02-0004	161281	29440	630	115	
374	01-02-0004	2014721	29440	7870	115	
375	01-02-0004	2457601	29440	9600	115	
376	01-02-0005	1827841	29440	7140	115	
377	01-02-0005	1891841	29440	7390	115	
378	01-02-0005	1930241	29440	7540	115	
379	01-02-0006	311297	29440	1216	115	
380	01-02-0006	1151489	29440	4498	115	
381	01-02-0006	1935361	29440	7560	115	
382	01-02-0010	2910209	29440	11368	115	
383	01-02-0010	3010049	29440	11758	115	
384	01-02-0010	3333121	29440	13020	115	
385	01-02-0011	345601	29440	1350	115	
386	01-02-0011	1377281	29440	5380	115	
387	01-02-0011	2583041	29440	10090	115	
388	01-02-0012	2709584	29440	10584.31	115	
389	01-02-0012	2831361	29440	11060	115	
390	01-02-0012	2931201	29440	11450	115	
391	01-02-0013	719361	29440	2810	115	
392	01-02-0013	2007553	29440	7842	115	
393	01-02-0014	1894401	29440	7400	115	
394	01-02-0014	2084865	29440	8144	115	
395	01-02-0014	2611201	29440	10200	115	
396	01-02-0015	424961	29440	1660	115	
397	01-02-0015	455681	29440	1780	115	
398	01-02-0015	1712641	29440	6690	115	
399	01-02-0017	2320897	29440	9066	115	
400	01-02-0017	3530241	29440	13790	115	
401	01-02-0017	3568641	29440	13940	115	
402	01-02-0019	1349121	29440	5270	115	
403	01-02-0019	1770241	29440	6915	115	
404	01-02-0019	2919425	29440	11404	115	
