EEGVectBlockNum	PSGFilename	startSamples	durationSamples	startSec	durationSec	
1	01-01-0001	2101761	29440	8210	115	
2	01-01-0001	2170881	29440	8480	115	
3	01-01-0001	3722241	29440	14540	115	
4	01-01-0001	4689921	29440	18320	115	
5	01-01-0001	4963841	29440	19390	115	
6	01-01-0001	5099521	29440	19920	115	
7	01-01-0001	6384641	29440	24940	115	
8	01-01-0001	6417921	29440	25070	115	
9	01-01-0001	6489601	29440	25350	115	
10	01-01-0001	6533121	29440	25520	115	
11	01-01-0007	1379841	29440	5390	115	
12	01-01-0007	2114561	29440	8260	115	
13	01-01-0007	4095765	29440	15999.08	115	
14	01-01-0007	4303361	29440	16810	115	
15	01-01-0007	5455361	29440	21310	115	
16	01-01-0007	5580801	29440	21800	115	
17	01-01-0007	6446081	29440	25180	115	
18	01-01-0007	6594561	29440	25760	115	
19	01-01-0007	6673921	29440	26070	115	
20	01-01-0007	6758401	29440	26400	115	
21	01-01-0008	2746881	29440	10730	115	
22	01-01-0008	3215361	29440	12560	115	
23	01-01-0008	4523521	29440	17670	115	
24	01-01-0008	4569601	29440	17850	115	
25	01-01-0008	4608001	29440	18000	115	
26	01-01-0008	4682241	29440	18290	115	
27	01-01-0008	5757441	29440	22490	115	
28	01-01-0008	5879809	29440	22968	115	
29	01-01-0008	5923329	29440	23138	115	
30	01-01-0008	5984769	29440	23378	115	
31	01-01-0010	890881	29440	3480	115	
32	01-01-0010	2311681	29440	9030	115	
33	01-01-0010	3435521	29440	13420	115	
34	01-01-0010	4467201	29440	17450	115	
35	01-01-0010	5148161	29440	20110	115	
36	01-01-0010	5614081	29440	21930	115	
37	01-01-0010	6089217	29440	23786	115	
38	01-01-0010	6132737	29440	23956	115	
39	01-01-0010	6181377	29440	24146	115	
40	01-01-0010	6237697	29440	24366	115	
41	01-01-0011	885761	29440	3460	115	
42	01-01-0011	1881601	29440	7350	115	
43	01-01-0011	3653121	29440	14270	115	
44	01-01-0011	3960321	29440	15470	115	
45	01-01-0011	4139521	29440	16170	115	
46	01-01-0011	4549121	29440	17770	115	
47	01-01-0011	4926977	29440	19246	115	
48	01-01-0011	5611521	29440	21920	115	
49	01-01-0011	5762561	29440	22510	115	
50	01-01-0011	5844481	29440	22830	115	
51	01-01-0012	2514433	29440	9822	115	
52	01-01-0012	2557953	29440	9992	115	
53	01-01-0012	3535361	29440	13810	115	
54	01-01-0012	4229121	29440	16520	115	
55	01-01-0012	4483585	29440	17514	115	
56	01-01-0012	4920833	29440	19222	115	
57	01-01-0012	5227521	29440	20420	115	
58	01-01-0012	5406721	29440	21120	115	
59	01-01-0012	5468161	29440	21360	115	
60	01-01-0012	7796737	29440	30456	115	
61	01-01-0013	522241	29440	2040	115	
62	01-01-0013	1134081	29440	4430	115	
63	01-01-0013	2081281	29440	8130	115	
64	01-01-0013	2142721	29440	8370	115	
65	01-01-0013	2219521	29440	8670	115	
66	01-01-0013	3031041	29440	11840	115	
67	01-01-0013	4057601	29440	15850	115	
68	01-01-0013	4208641	29440	16440	115	
69	01-01-0013	5660161	29440	22110	115	
70	01-01-0013	6965761	29440	27210	115	
71	01-01-0014	1668801	29440	6518.75	115	
72	01-01-0014	1709761	29440	6678.75	115	
73	01-01-0014	2158081	29440	8430	115	
74	01-01-0014	2344961	29440	9160	115	
75	01-01-0014	3276015	29440	12796.93	115	
76	01-01-0014	3332335	29440	13016.93	115	
77	01-01-0014	4367361	29440	17060	115	
78	01-01-0014	4431361	29440	17310	115	
79	01-01-0014	5038081	29440	19680	115	
80	01-01-0014	5212161	29440	20360	115	
81	01-01-0016	2598401	29440	10150	115	
82	01-01-0016	3225601	29440	12600	115	
83	01-01-0016	3256321	29440	12720	115	
84	01-01-0016	3950081	29440	15430	115	
85	01-01-0016	4098561	29440	16010	115	
86	01-01-0016	4139521	29440	16170	115	
87	01-01-0016	4858881	29440	18980	115	
88	01-01-0016	5107201	29440	19950	115	
89	01-01-0016	5312001	29440	20750	115	
90	01-01-0016	5386241	29440	21040	115	
91	01-01-0017	2849281	29440	11130	115	
92	01-01-0017	3545601	29440	13850	115	
93	01-01-0017	3642881	29440	14230	115	
94	01-01-0017	3686401	29440	14400	115	
95	01-01-0017	5463041	29440	21340	115	
96	01-01-0017	5519361	29440	21560	115	
97	01-01-0017	6405121	29440	25020	115	
98	01-01-0017	6553601	29440	25600	115	
99	01-01-0017	6602241	29440	25790	115	
100	01-01-0017	6632961	29440	25910	115	
101	01-01-0018	1359361	29440	5310	115	
102	01-01-0018	1658881	29440	6480	115	
103	01-01-0018	1826817	29440	7136	115	
104	01-01-0018	2754561	29440	10760	115	
105	01-01-0018	3491841	29440	13640	115	
106	01-01-0018	3704321	29440	14470	115	
107	01-01-0018	4894721	29440	19120	115	
108	01-01-0018	4989441	29440	19490	115	
109	01-01-0018	5260801	29440	20550	115	
110	01-01-0018	5378561	29440	21010	115	
111	01-01-0019	1530881	29440	5980	115	
112	01-01-0019	1728001	29440	6750	115	
113	01-01-0019	2470913	29440	9652	115	
114	01-01-0019	3361281	29440	13130	115	
115	01-01-0019	3392001	29440	13250	115	
116	01-01-0019	5539841	29440	21640	115	
117	01-01-0019	5862401	29440	22900	115	
118	01-01-0019	6410241	29440	25040	115	
119	01-01-0019	6886401	29440	26900	115	
120	01-01-0019	7131137	29440	27856	115	
121	01-01-0020	1013715	29440	3959.82	115	
122	01-01-0020	1128961	29440	4410	115	
123	01-01-0020	1251841	29440	4890	115	
124	01-01-0020	1607681	29440	6280	115	
125	01-01-0020	2693121	29440	10520	115	
126	01-01-0020	3755521	29440	14670	115	
127	01-01-0020	4060161	29440	15860	115	
128	01-01-0020	4106241	29440	16040	115	
129	01-01-0020	4590081	29440	17930	115	
130	01-01-0020	8079361	29440	31560	115	
131	01-01-0021	3023361	29440	11810	115	
132	01-01-0021	3061761	29440	11960	115	
133	01-01-0021	3097601	29440	12100	115	
134	01-01-0021	3187201	29440	12450	115	
135	01-01-0021	3230721	29440	12620	115	
136	01-01-0021	3356161	29440	13110	115	
137	01-01-0021	4523521	29440	17670	115	
138	01-01-0021	4751361	29440	18560	115	
139	01-01-0021	4823041	29440	18840	115	
140	01-01-0021	6479312	29440	25309.81	115	
141	01-01-0022	509441	29440	1990	115	
142	01-01-0022	616961	29440	2410	115	
143	01-01-0022	668161	29440	2610	115	
144	01-01-0022	750081	29440	2930	115	
145	01-01-0022	908801	29440	3550	115	
146	01-01-0022	1338881	29440	5230	115	
147	01-01-0022	2073601	29440	8100	115	
148	01-01-0022	2234881	29440	8730	115	
149	01-01-0022	2547201	29440	9950	115	
150	01-01-0022	2798081	29440	10930	115	
151	01-01-0023	1200685	29440	4690.17	115	
152	01-01-0023	4528641	29440	17690	115	
153	01-01-0023	7215617	29440	28186	115	
154	01-01-0024	4313601	29440	16850	115	
155	01-01-0024	4344321	29440	16970	115	
156	01-01-0024	7895041	29440	30840	115	
157	01-01-0025	2273281	29440	8880	115	
158	01-01-0025	2334721	29440	9120	115	
159	01-01-0025	6018561	29440	23510	115	
160	01-01-0026	1484801	29440	5800	115	
161	01-01-0026	3806721	29440	14870	115	
162	01-01-0026	5844993	29440	22832	115	
163	01-01-0027	1664001	29440	6500	115	
164	01-01-0027	2600961	29440	10160	115	
165	01-01-0027	4055041	29440	15840	115	
166	01-01-0028	1149441	29440	4490	115	
167	01-01-0028	4638721	29440	18120	115	
168	01-01-0028	4674561	29440	18260	115	
169	01-01-0029	2035201	29440	7950	115	
170	01-01-0029	4357121	29440	17020	115	
171	01-01-0029	6177281	29440	24130	115	
172	01-01-0030	693761	29440	2710	115	
173	01-01-0030	2726401	29440	10650	115	
174	01-01-0030	4111361	29440	16060	115	
175	01-01-0031	560641	29440	2190	115	
176	01-01-0031	2022401	29440	7900	115	
177	01-01-0031	4426241	29440	17290	115	
178	01-01-0032	1495041	29440	5840	115	
179	01-01-0032	5798401	29440	22650	115	
180	01-01-0032	5952001	29440	23250	115	
181	01-01-0033	3198977	29440	12496	115	
182	01-01-0033	4877825	29440	19054	115	
183	01-01-0033	5268481	29440	20580	115	
184	01-01-0035	2012161	29440	7860	115	
185	01-01-0035	2048001	29440	8000	115	
186	01-01-0035	5488641	29440	21440	115	
187	01-01-0036	2391041	29440	9340	115	
188	01-01-0036	5101057	29440	19926	115	
189	01-01-0036	6766081	29440	26430	115	
190	01-01-0037	1605121	29440	6270	115	
191	01-01-0037	2572801	29440	10050	115	
192	01-01-0037	2603521	29440	10170	115	
193	01-01-0038	996097	29440	3891	115	
194	01-01-0038	5788161	29440	22610	115	
195	01-01-0038	6225921	29440	24320	115	
196	01-01-0040	4280321	29440	16720	115	
197	01-01-0040	4331521	29440	16920	115	
198	01-01-0040	4431361	29440	17310	115	
199	01-01-0041	675841	29440	2640	115	
200	01-01-0041	3535361	29440	13810	115	
201	01-01-0041	3601921	29440	14070	115	
202	01-01-0042	2058241	29440	8040	115	
203	01-01-0042	5219841	29440	20390	115	
204	01-01-0042	5281281	29440	20630	115	
205	01-01-0043	3422721	29440	13370	115	
206	01-01-0043	4664321	29440	18220	115	
207	01-01-0043	6976001	29440	27250	115	
208	01-01-0044	4451841	29440	17390	115	
209	01-01-0044	7288321	29440	28470	115	
210	01-01-0044	7923201	29440	30950	115	
211	01-01-0046	2060801	29440	8050	115	
212	01-01-0046	3752961	29440	14660	115	
213	01-01-0046	3878401	29440	15150	115	
214	01-01-0047	2465281	29440	9630	115	
215	01-01-0047	4961281	29440	19380	115	
216	01-01-0047	5404161	29440	21110	115	
217	01-01-0048	3507201	29440	13700	115	
218	01-01-0048	3578881	29440	13980	115	
219	01-01-0048	6323201	29440	24700	115	
220	01-01-0049	3781121	29440	14770	115	
221	01-01-0049	3824641	29440	14940	115	
222	01-01-0049	3891201	29440	15200	115	
223	01-01-0050	3123201	29440	12200	115	
224	01-01-0050	5629441	29440	21990	115	
225	01-01-0050	6592001	29440	25750	115	
226	01-01-0051	1059841	29440	4140	115	
227	01-01-0051	2037761	29440	7960	115	
228	01-01-0051	4628481	29440	18080	115	
229	01-01-0053	3151361	29440	12310	115	
230	01-01-0053	3614721	29440	14120	115	
231	01-01-0053	7774721	29440	30370	115	
232	01-01-0002	760321	29440	2970	115	
233	01-01-0002	2560001	29440	10000	115	
234	01-01-0002	5690881	29440	22230	115	
235	01-01-0003	3886081	29440	15180	115	
236	01-01-0003	5163521	29440	20170	115	
237	01-01-0003	5916161	29440	23110	115	
238	01-01-0004	1290241	29440	5040	115	
239	01-01-0004	3123201	29440	12200	115	
240	01-01-0004	3696641	29440	14440	115	
241	01-01-0005	801281	29440	3130	115	
242	01-01-0005	1186305	29440	4634	115	
243	01-01-0005	1329665	29440	5194	115	
244	01-01-0006	3865601	29440	15100	115	
245	01-01-0006	4879361	29440	19060	115	
246	01-01-0006	4981761	29440	19460	115	
247	01-01-0052	3020801	29440	11800	115	
248	01-01-0052	4029441	29440	15740	115	
249	01-01-0052	5068801	29440	19800	115	
250	01-03-0001	1349121	29440	5270	115	
251	01-03-0001	3225601	29440	12600	115	
252	01-03-0001	6942721	29440	27120	115	
253	01-03-0002	437761	29440	1710	115	
254	01-03-0002	6412801	29440	25050	115	
255	01-03-0002	7580161	29440	29610	115	
256	01-03-0006	2088961	29440	8160	115	
257	01-03-0006	3468801	29440	13550	115	
258	01-03-0006	3640321	29440	14220	115	
259	01-03-0009	4157441	29440	16240	115	
260	01-03-0009	4486657	29440	17526	115	
261	01-03-0009	6658561	29440	26010	115	
262	01-03-0012	1774081	29440	6930	115	
263	01-03-0012	4800001	29440	18750	115	
264	01-03-0012	4856321	29440	18970	115	
265	01-03-0013	3114497	29440	12166	115	
266	01-03-0013	4654081	29440	18180	115	
267	01-03-0013	4858881	29440	18980	115	
268	01-03-0014	445441	29440	1740	115	
269	01-03-0014	2844161	29440	11110	115	
270	01-03-0014	7060481	29440	27580	115	
271	01-03-0016	6341121	29440	24770	115	
272	01-03-0016	7188481	29440	28080	115	
273	01-03-0016	7265281	29440	28380	115	
274	01-03-0017	422401	29440	1650	115	
275	01-03-0017	1707521	29440	6670	115	
276	01-03-0017	2705921	29440	10570	115	
277	01-03-0018	1896961	29440	7410	115	
278	01-03-0018	5335041	29440	20840	115	
279	01-03-0018	6169601	29440	24100	115	
280	01-03-0019	688641	29440	2690	115	
281	01-03-0019	3576833	29440	13972	115	
282	01-03-0019	4234241	29440	16540	115	
283	01-03-0024	3968001	29440	15500	115	
284	01-03-0024	4884481	29440	19080	115	
285	01-03-0024	5137921	29440	20070	115	
286	01-03-0026	2874881	29440	11230	115	
287	01-03-0026	5568001	29440	21750	115	
288	01-03-0026	6594561	29440	25760	115	
289	01-03-0027	176641	29440	690	115	
290	01-03-0027	1318401	29440	5150	115	
291	01-03-0027	4629505	29440	18084	115	
292	01-03-0028	4285441	29440	16740	115	
293	01-03-0028	4477441	29440	17490	115	
294	01-03-0028	6479361	29440	25310	115	
295	01-03-0029	4989441	29440	19490	115	
296	01-03-0029	5030401	29440	19650	115	
297	01-03-0029	6725121	29440	26270	115	
298	01-03-0030	1059841	29440	4140	115	
299	01-03-0030	4567041	29440	17840	115	
300	01-03-0030	6026241	29440	23540	115	
301	01-03-0031	797185	29440	3114	115	
302	01-03-0031	2055681	29440	8030	115	
303	01-03-0031	5952001	29440	23250	115	
304	01-03-0032	1448961	29440	5660	115	
305	01-03-0032	3914241	29440	15290	115	
306	01-03-0032	6714881	29440	26230	115	
307	01-03-0036	2805505	29440	10959	115	
308	01-03-0036	2895105	29440	11309	115	
309	01-03-0036	3373825	29440	13179	115	
310	01-03-0037	471041	29440	1840	115	
311	01-03-0037	604161	29440	2360	115	
312	01-03-0037	4651521	29440	18170	115	
313	01-03-0038	300545	29440	1174	115	
314	01-03-0038	4241921	29440	16570	115	
315	01-03-0038	6911246	29440	26997.05	115	
316	01-03-0039	5155841	29440	20140	115	
317	01-03-0039	5422081	29440	21180	115	
318	01-03-0039	5500417	29440	21486	115	
319	01-03-0051	2236929	29440	8738	115	
320	01-03-0051	4444161	29440	17360	115	
321	01-03-0051	5493761	29440	21460	115	
322	01-03-0053	5340161	29440	20860	115	
323	01-03-0053	5767681	29440	22530	115	
324	01-03-0053	7462401	29440	29150	115	
325	01-03-0056	3302401	29440	12900	115	
326	01-03-0056	3545601	29440	13850	115	
327	01-03-0056	6589441	29440	25740	115	
328	01-03-0058	1623553	29440	6342	115	
329	01-03-0058	1994241	29440	7790	115	
330	01-03-0058	2764801	29440	10800	115	
331	01-03-0060	3440641	29440	13440	115	
332	01-03-0060	5900801	29440	23050	115	
333	01-03-0060	5992961	29440	23410	115	
334	01-03-0061	796161	29440	3110	115	
335	01-03-0061	3020801	29440	11800	115	
336	01-03-0061	4449281	29440	17380	115	
337	01-03-0062	3520001	29440	13750	115	
338	01-03-0062	4615681	29440	18030	115	
339	01-03-0062	5191681	29440	20280	115	
340	01-03-0063	752641	29440	2940	115	
341	01-03-0063	3264001	29440	12750	115	
342	01-03-0063	3904001	29440	15250	115	
343	01-03-0064	1576961	29440	6160	115	
344	01-03-0064	1909761	29440	7460	115	
345	01-03-0064	7129601	29440	27850	115	
