epochNum	EEGVectBlockNum	PSGFilename	startSamples	durationSamples	startSec	durationSec	
1	1	01-01-0001	2105976	241	8226.47	0.94	
2	1	01-01-0001	2106483	220	8228.45	0.86	
3	1	01-01-0001	2107026	340	8230.57	1.33	
4	1	01-01-0001	2108211	269	8235.2	1.05	
5	1	01-01-0001	2109261	131	8239.3	0.51	
6	1	01-01-0001	2110830	253	8245.43	0.99	
7	1	01-01-0001	2111711	284	8248.87	1.11	
8	1	01-01-0001	2115599	154	8264.06	0.6	
9	2	01-01-0001	2174743	269	8495.09	1.05	
10	2	01-01-0001	2184538	138	8533.35	0.54	
11	2	01-01-0001	2186739	197	8541.95	0.77	
12	2	01-01-0001	2191828	223	8561.83	0.87	
13	2	01-01-0001	2192809	146	8565.66	0.57	
14	2	01-01-0001	2197123	238	8582.51	0.93	
15	2	01-01-0001	2199672	253	8592.47	0.99	
16	3	01-01-0001	3722865	236	14542.44	0.92	
17	3	01-01-0001	3723487	164	14544.87	0.64	
18	3	01-01-0001	3725658	146	14553.35	0.57	
19	3	01-01-0001	3729928	154	14570.03	0.6	
20	3	01-01-0001	3732500	310	14580.08	1.21	
21	3	01-01-0001	3733199	297	14582.81	1.16	
22	3	01-01-0001	3733535	228	14584.12	0.89	
23	3	01-01-0001	3734223	351	14586.81	1.37	
24	3	01-01-0001	3735483	305	14591.73	1.19	
25	3	01-01-0001	3739784	189	14608.53	0.74	
26	3	01-01-0001	3741545	369	14615.41	1.44	
27	3	01-01-0001	3742943	133	14620.87	0.52	
28	3	01-01-0001	3743537	241	14623.19	0.94	
29	3	01-01-0001	3744742	333	14627.9	1.3	
30	4	01-01-0001	4696049	248	18343.94	0.97	
31	4	01-01-0001	4705526	182	18380.96	0.71	
32	4	01-01-0001	4709499	177	18396.48	0.69	
33	4	01-01-0001	4711818	105	18405.54	0.41	
34	4	01-01-0001	4712330	202	18407.54	0.79	
35	4	01-01-0001	4714145	215	18414.63	0.84	
36	4	01-01-0001	4714409	118	18415.66	0.46	
37	4	01-01-0001	4715428	233	18419.64	0.91	
38	4	01-01-0001	4716396	131	18423.42	0.51	
39	5	01-01-0001	4964260	223	19391.64	0.87	
40	5	01-01-0001	4964557	471	19392.8	1.84	
41	5	01-01-0001	4965921	125	19398.13	0.49	
42	5	01-01-0001	4971576	95	19420.22	0.37	
43	5	01-01-0001	4972644	251	19424.39	0.98	
44	5	01-01-0001	4973990	279	19429.65	1.09	
45	5	01-01-0001	4975363	325	19435.01	1.27	
46	5	01-01-0001	4976394	197	19439.04	0.77	
47	5	01-01-0001	4976993	141	19441.38	0.55	
48	5	01-01-0001	4977843	195	19444.7	0.76	
49	5	01-01-0001	4978985	284	19449.16	1.11	
50	5	01-01-0001	4981253	182	19458.02	0.71	
51	5	01-01-0001	4982610	233	19463.32	0.91	
52	5	01-01-0001	4983805	269	19467.99	1.05	
53	5	01-01-0001	4989870	274	19491.68	1.07	
54	5	01-01-0001	4990807	161	19495.34	0.63	
55	5	01-01-0001	4991805	120	19499.24	0.47	
56	5	01-01-0001	4992704	138	19502.75	0.54	
57	6	01-01-0001	5099804	131	19921.11	0.51	
58	6	01-01-0001	5102825	164	19932.91	0.64	
59	6	01-01-0001	5104566	184	19939.71	0.72	
60	6	01-01-0001	5108045	195	19953.3	0.76	
61	6	01-01-0001	5115914	136	19984.04	0.53	
62	6	01-01-0001	5118392	195	19993.72	0.76	
63	6	01-01-0001	5119194	205	19996.85	0.8	
64	7	01-01-0001	6385490	243	24943.32	0.95	
65	7	01-01-0001	6386545	115	24947.44	0.45	
66	7	01-01-0001	6386747	141	24948.23	0.55	
67	7	01-01-0001	6388093	389	24953.49	1.52	
68	7	01-01-0001	6389481	445	24958.91	1.74	
69	7	01-01-0001	6390418	212	24962.57	0.83	
70	7	01-01-0001	6390651	212	24963.48	0.83	
71	7	01-01-0001	6394227	348	24977.45	1.36	
72	7	01-01-0001	6395896	131	24983.97	0.51	
73	7	01-01-0001	6396122	294	24984.85	1.15	
74	7	01-01-0001	6396721	307	24987.19	1.2	
75	7	01-01-0001	6404070	195	25015.9	0.76	
76	7	01-01-0001	6405732	182	25022.39	0.71	
77	7	01-01-0001	6410112	218	25039.5	0.85	
78	7	01-01-0001	6411328	246	25044.25	0.96	
79	7	01-01-0001	6413489	156	25052.69	0.61	
80	8	01-01-0001	6420662	108	25080.71	0.42	
81	8	01-01-0001	6423437	223	25091.55	0.87	
82	8	01-01-0001	6427269	205	25106.52	0.8	
83	8	01-01-0001	6427581	246	25107.74	0.96	
84	8	01-01-0001	6428173	266	25110.05	1.04	
85	8	01-01-0001	6431148	166	25121.67	0.65	
86	8	01-01-0001	6435564	310	25138.92	1.21	
87	8	01-01-0001	6436790	440	25143.71	1.72	
88	8	01-01-0001	6438705	307	25151.19	1.2	
89	8	01-01-0001	6441464	161	25161.97	0.63	
90	8	01-01-0001	6442337	187	25165.38	0.73	
91	8	01-01-0001	6443418	305	25169.6	1.19	
92	8	01-01-0001	6444782	404	25174.93	1.58	
93	8	01-01-0001	6445993	248	25179.66	0.97	
94	8	01-01-0001	6446769	305	25182.69	1.19	
95	9	01-01-0001	6489702	148	25350.4	0.58	
96	9	01-01-0001	6490540	492	25353.67	1.92	
97	9	01-01-0001	6491858	246	25358.82	0.96	
98	9	01-01-0001	6492895	259	25362.87	1.01	
99	9	01-01-0001	6494879	205	25370.62	0.8	
100	9	01-01-0001	6500014	202	25390.68	0.79	
101	9	01-01-0001	6501332	156	25395.83	0.61	
102	9	01-01-0001	6502810	266	25401.6	1.04	
103	9	01-01-0001	6506371	136	25415.51	0.53	
104	9	01-01-0001	6506911	233	25417.62	0.91	
105	9	01-01-0001	6508910	164	25425.43	0.64	
106	9	01-01-0001	6512000	154	25437.5	0.6	
107	9	01-01-0001	6513283	182	25442.51	0.71	
108	9	01-01-0001	6516360	146	25454.53	0.57	
109	9	01-01-0001	6517704	154	25459.78	0.6	
110	10	01-01-0001	6535555	200	25529.51	0.78	
111	10	01-01-0001	6536522	340	25533.29	1.33	
112	10	01-01-0001	6537700	307	25537.89	1.2	
113	10	01-01-0001	6538811	218	25542.23	0.85	
114	10	01-01-0001	6539789	182	25546.05	0.71	
115	10	01-01-0001	6542464	169	25556.5	0.66	
116	10	01-01-0001	6543921	108	25562.19	0.42	
117	10	01-01-0001	6547809	133	25577.38	0.52	
118	10	01-01-0001	6551191	156	25590.59	0.61	
119	10	01-01-0001	6552425	223	25595.41	0.87	
120	10	01-01-0001	6553459	266	25599.45	1.04	
121	10	01-01-0001	6554616	131	25603.97	0.51	
122	10	01-01-0001	6555594	102	25607.79	0.4	
123	10	01-01-0001	6559022	215	25621.18	0.84	
124	11	01-01-0007	1386112	189	5414.5	0.74	
125	11	01-01-0007	1387799	177	5421.09	0.69	
126	11	01-01-0007	1388598	102	5424.21	0.4	
127	11	01-01-0007	1399880	246	5468.28	0.96	
128	11	01-01-0007	1400440	200	5470.47	0.78	
129	11	01-01-0007	1405128	118	5488.78	0.46	
130	11	01-01-0007	1407447	154	5497.84	0.6	
131	12	01-01-0007	2122015	131	8289.12	0.51	
132	12	01-01-0007	2132623	151	8330.56	0.59	
133	12	01-01-0007	2136773	243	8346.77	0.95	
134	12	01-01-0007	2141816	146	8366.47	0.57	
135	13	01-01-0007	4108337	248	16048.19	0.97	
136	13	01-01-0007	4113185	225	16067.13	0.88	
137	13	01-01-0007	4120397	97	16095.3	0.38	
138	13	01-01-0007	4120686	195	16096.43	0.76	
139	13	01-01-0007	4122427	179	16103.23	0.7	
140	14	01-01-0007	4311506	151	16841.82	0.59	
141	14	01-01-0007	4331530	166	16920.04	0.65	
142	15	01-01-0007	5475796	159	21389.83	0.62	
143	15	01-01-0007	5477678	264	21397.18	1.03	
144	15	01-01-0007	5481283	138	21411.26	0.54	
145	16	01-01-0007	5582244	210	21805.64	0.82	
146	16	01-01-0007	5584832	125	21815.75	0.49	
147	16	01-01-0007	5585037	113	21816.55	0.44	
148	16	01-01-0007	5586708	156	21823.08	0.61	
149	16	01-01-0007	5605028	125	21894.64	0.49	
150	16	01-01-0007	5609500	138	21912.11	0.54	
151	17	01-01-0007	6448737	228	25190.38	0.89	
152	17	01-01-0007	6455900	236	25218.36	0.92	
153	17	01-01-0007	6457431	159	25224.34	0.62	
154	17	01-01-0007	6458450	264	25228.32	1.03	
155	17	01-01-0007	6461120	376	25238.75	1.47	
156	17	01-01-0007	6464077	182	25250.3	0.71	
157	17	01-01-0007	6464609	156	25252.38	0.61	
158	17	01-01-0007	6465841	164	25257.19	0.64	
159	17	01-01-0007	6466399	84	25259.37	0.33	
160	17	01-01-0007	6467438	251	25263.43	0.98	
161	17	01-01-0007	6470154	166	25274.04	0.65	
162	17	01-01-0007	6470802	202	25276.57	0.79	
163	17	01-01-0007	6471212	246	25278.17	0.96	
164	17	01-01-0007	6471634	154	25279.82	0.6	
165	17	01-01-0007	6472689	243	25283.94	0.95	
166	17	01-01-0007	6473853	215	25288.49	0.84	
167	18	01-01-0007	6594980	97	25761.64	0.38	
168	18	01-01-0007	6596268	146	25766.67	0.57	
169	18	01-01-0007	6596483	164	25767.51	0.64	
170	18	01-01-0007	6602094	143	25789.43	0.56	
171	18	01-01-0007	6603727	174	25795.81	0.68	
172	18	01-01-0007	6608914	256	25816.07	1	
173	18	01-01-0007	6609674	177	25819.04	0.69	
174	18	01-01-0007	6613501	225	25833.99	0.88	
175	18	01-01-0007	6614377	205	25837.41	0.8	
176	18	01-01-0007	6616305	136	25844.94	0.53	
177	18	01-01-0007	6620160	164	25860	0.64	
178	18	01-01-0007	6621235	143	25864.2	0.56	
179	19	01-01-0007	6673933	136	26070.05	0.53	
180	19	01-01-0007	6675246	207	26075.18	0.81	
181	19	01-01-0007	6685604	223	26115.64	0.87	
182	19	01-01-0007	6688115	182	26125.45	0.71	
183	19	01-01-0007	6689728	238	26131.75	0.93	
184	19	01-01-0007	6693356	225	26145.92	0.88	
185	19	01-01-0007	6693967	289	26148.31	1.13	
186	19	01-01-0007	6695411	315	26153.95	1.23	
187	19	01-01-0007	6696302	177	26157.43	0.69	
188	19	01-01-0007	6701773	297	26178.8	1.16	
189	19	01-01-0007	6702700	251	26182.42	0.98	
190	20	01-01-0007	6763999	195	26421.87	0.76	
191	20	01-01-0007	6766257	133	26430.69	0.52	
192	20	01-01-0007	6770066	205	26445.57	0.8	
193	20	01-01-0007	6770885	148	26448.77	0.58	
194	20	01-01-0007	6772088	225	26453.47	0.88	
195	20	01-01-0007	6773117	138	26457.49	0.54	
196	20	01-01-0007	6775974	325	26468.65	1.27	
197	20	01-01-0007	6777096	251	26473.03	0.98	
198	20	01-01-0007	6778908	179	26480.11	0.7	
199	20	01-01-0007	6781478	379	26490.15	1.48	
200	20	01-01-0007	6783237	307	26497.02	1.2	
201	20	01-01-0007	6784243	259	26500.95	1.01	
202	20	01-01-0007	6787039	220	26511.87	0.86	
203	21	01-01-0008	2753444	113	10755.64	0.44	
204	21	01-01-0008	2766436	189	10806.39	0.74	
205	21	01-01-0008	2767319	133	10809.84	0.52	
206	22	01-01-0008	3232568	125	12627.22	0.49	
207	22	01-01-0008	3232786	113	12628.07	0.44	
208	23	01-01-0008	4528422	335	17689.15	1.31	
209	23	01-01-0008	4531282	138	17700.32	0.54	
210	23	01-01-0008	4537769	287	17725.66	1.12	
211	23	01-01-0008	4538698	172	17729.29	0.67	
212	23	01-01-0008	4540104	151	17734.78	0.59	
213	23	01-01-0008	4548283	131	17766.73	0.51	
214	23	01-01-0008	4549501	174	17771.49	0.68	
215	23	01-01-0008	4551639	182	17779.84	0.71	
216	24	01-01-0008	4581322	399	17895.79	1.56	
217	24	01-01-0008	4586381	369	17915.55	1.44	
218	24	01-01-0008	4588429	243	17923.55	0.95	
219	24	01-01-0008	4591386	128	17935.1	0.5	
220	24	01-01-0008	4597066	136	17957.29	0.53	
221	25	01-01-0008	4609605	353	18006.27	1.38	
222	25	01-01-0008	4613926	233	18023.15	0.91	
223	25	01-01-0008	4617708	261	18037.92	1.02	
224	25	01-01-0008	4618140	179	18039.61	0.7	
225	25	01-01-0008	4624397	261	18064.05	1.02	
226	25	01-01-0008	4630792	131	18089.03	0.51	
227	25	01-01-0008	4634388	238	18103.08	0.93	
228	26	01-01-0008	4698225	128	18352.44	0.5	
229	27	01-01-0008	5757548	125	22490.42	0.49	
230	27	01-01-0008	5758241	210	22493.13	0.82	
231	27	01-01-0008	5758674	238	22494.82	0.93	
232	27	01-01-0008	5759711	330	22498.87	1.29	
233	27	01-01-0008	5771361	330	22544.38	1.29	
234	27	01-01-0008	5776581	297	22564.77	1.16	
235	27	01-01-0008	5777718	238	22569.21	0.93	
236	27	01-01-0008	5778547	100	22572.45	0.39	
237	27	01-01-0008	5778801	110	22573.44	0.43	
238	27	01-01-0008	5782845	177	22589.24	0.69	
239	28	01-01-0008	5881423	366	22974.31	1.43	
240	28	01-01-0008	5882742	212	22979.46	0.83	
241	28	01-01-0008	5884741	420	22987.27	1.64	
242	28	01-01-0008	5886464	151	22994	0.59	
243	28	01-01-0008	5888476	151	23001.86	0.59	
244	28	01-01-0008	5894221	113	23024.3	0.44	
245	28	01-01-0008	5900682	238	23049.54	0.93	
246	29	01-01-0008	5930386	174	23165.57	0.68	
247	29	01-01-0008	5934364	133	23181.11	0.52	
248	29	01-01-0008	5940780	143	23206.17	0.56	
249	29	01-01-0008	5944243	189	23219.7	0.74	
250	29	01-01-0008	5946514	161	23228.57	0.63	
251	30	01-01-0008	5987259	118	23387.73	0.46	
252	30	01-01-0008	6005565	123	23459.24	0.48	
253	30	01-01-0008	6006548	154	23463.08	0.6	
254	30	01-01-0008	6007565	120	23467.05	0.47	
255	31	01-01-0010	894707	120	3494.95	0.47	
256	31	01-01-0010	896456	210	3501.78	0.82	
257	31	01-01-0010	897326	187	3505.18	0.73	
258	31	01-01-0010	902275	133	3524.51	0.52	
259	31	01-01-0010	905075	105	3535.45	0.41	
260	31	01-01-0010	907041	251	3543.13	0.98	
261	31	01-01-0010	908749	266	3549.8	1.04	
262	31	01-01-0010	910784	182	3557.75	0.71	
263	31	01-01-0010	911301	202	3559.77	0.79	
264	31	01-01-0010	911777	164	3561.63	0.64	
265	31	01-01-0010	912737	202	3565.38	0.79	
266	31	01-01-0010	913516	123	3568.42	0.48	
267	31	01-01-0010	915082	236	3574.54	0.92	
268	31	01-01-0010	916844	125	3581.42	0.49	
269	31	01-01-0010	917245	248	3582.99	0.97	
270	31	01-01-0010	917857	218	3585.38	0.85	
271	31	01-01-0010	918431	120	3587.62	0.47	
272	31	01-01-0010	919278	172	3590.93	0.67	
273	31	01-01-0010	919754	356	3592.79	1.39	
274	32	01-01-0010	2312084	364	9031.58	1.42	
275	32	01-01-0010	2312978	271	9035.07	1.06	
276	32	01-01-0010	2317647	161	9053.31	0.63	
277	32	01-01-0010	2318817	113	9057.88	0.44	
278	32	01-01-0010	2319214	131	9059.43	0.51	
279	32	01-01-0010	2319987	256	9062.45	1	
280	32	01-01-0010	2321718	192	9069.21	0.75	
281	32	01-01-0010	2322752	177	9073.25	0.69	
282	32	01-01-0010	2323543	105	9076.34	0.41	
283	32	01-01-0010	2330125	143	9102.05	0.56	
284	32	01-01-0010	2336863	248	9128.37	0.97	
285	32	01-01-0010	2339023	151	9136.81	0.59	
286	32	01-01-0010	2340823	113	9143.84	0.44	
287	33	01-01-0010	3439895	246	13437.09	0.96	
288	33	01-01-0010	3441521	187	13443.44	0.73	
289	33	01-01-0010	3442419	238	13446.95	0.93	
290	33	01-01-0010	3446116	131	13461.39	0.51	
291	33	01-01-0010	3447590	166	13467.15	0.65	
292	33	01-01-0010	3448632	154	13471.22	0.6	
293	33	01-01-0010	3455434	95	13497.79	0.37	
294	33	01-01-0010	3455695	182	13498.81	0.71	
295	33	01-01-0010	3456742	187	13502.9	0.73	
296	33	01-01-0010	3458665	192	13510.41	0.75	
297	33	01-01-0010	3459835	172	13514.98	0.67	
298	34	01-01-0010	4470164	264	17461.58	1.03	
299	34	01-01-0010	4473137	207	17473.19	0.81	
300	34	01-01-0010	4479549	125	17498.24	0.49	
301	34	01-01-0010	4480563	120	17502.2	0.47	
302	34	01-01-0010	4484864	82	17519	0.32	
303	34	01-01-0010	4485839	120	17522.81	0.47	
304	34	01-01-0010	4490573	212	17541.3	0.83	
305	34	01-01-0010	4495091	282	17558.95	1.1	
306	35	01-01-0010	5154156	172	20133.42	0.67	
307	35	01-01-0010	5155622	141	20139.15	0.55	
308	35	01-01-0010	5158121	128	20148.91	0.5	
309	35	01-01-0010	5158454	97	20150.21	0.38	
310	35	01-01-0010	5163121	218	20168.44	0.85	
311	35	01-01-0010	5165210	212	20176.6	0.83	
312	35	01-01-0010	5171279	320	20200.31	1.25	
313	35	01-01-0010	5172314	136	20204.35	0.53	
314	36	01-01-0010	5615401	141	21935.16	0.55	
315	36	01-01-0010	5617362	148	21942.82	0.58	
316	36	01-01-0010	5618772	141	21948.33	0.55	
317	36	01-01-0010	5619599	166	21951.56	0.65	
318	36	01-01-0010	5620826	136	21956.35	0.53	
319	36	01-01-0010	5625390	463	21974.18	1.81	
320	36	01-01-0010	5627722	146	21983.29	0.57	
321	36	01-01-0010	5629719	210	21991.09	0.82	
322	36	01-01-0010	5631117	113	21996.55	0.44	
323	36	01-01-0010	5632888	136	22003.47	0.53	
324	36	01-01-0010	5637448	166	22021.28	0.65	
325	36	01-01-0010	5638828	136	22026.67	0.53	
326	36	01-01-0010	5639770	118	22030.35	0.46	
327	36	01-01-0010	5641211	228	22035.98	0.89	
328	37	01-01-0010	6095951	218	23812.31	0.85	
329	37	01-01-0010	6097062	300	23816.65	1.17	
330	37	01-01-0010	6097641	100	23818.91	0.39	
331	37	01-01-0010	6098235	192	23821.23	0.75	
332	37	01-01-0010	6098506	138	23822.29	0.54	
333	37	01-01-0010	6099389	259	23825.74	1.01	
334	37	01-01-0010	6100355	225	23829.51	0.88	
335	37	01-01-0010	6110116	95	23867.64	0.37	
336	37	01-01-0010	6111119	164	23871.56	0.64	
337	37	01-01-0010	6113597	187	23881.24	0.73	
338	37	01-01-0010	6114770	233	23885.82	0.91	
339	37	01-01-0010	6115054	202	23886.93	0.79	
340	37	01-01-0010	6116943	82	23894.31	0.32	
341	37	01-01-0010	6117821	77	23897.74	0.3	
342	38	01-01-0010	6135204	210	23965.64	0.82	
343	38	01-01-0010	6137981	294	23976.49	1.15	
344	38	01-01-0010	6145628	207	24006.36	0.81	
345	38	01-01-0010	6147942	261	24015.4	1.02	
346	38	01-01-0010	6148329	169	24016.91	0.66	
347	38	01-01-0010	6149883	113	24022.98	0.44	
348	38	01-01-0010	6152287	187	24032.37	0.73	
349	38	01-01-0010	6153270	192	24036.21	0.75	
350	38	01-01-0010	6155374	159	24044.43	0.62	
351	38	01-01-0010	6156058	269	24047.1	1.05	
352	38	01-01-0010	6157079	192	24051.09	0.75	
353	38	01-01-0010	6158136	177	24055.22	0.69	
354	38	01-01-0010	6159677	154	24061.24	0.6	
355	38	01-01-0010	6159946	428	24062.29	1.67	
356	38	01-01-0010	6161631	123	24068.87	0.48	
357	39	01-01-0010	6187116	223	24168.42	0.87	
358	39	01-01-0010	6188221	182	24172.74	0.71	
359	39	01-01-0010	6188897	133	24175.38	0.52	
360	39	01-01-0010	6189268	120	24176.83	0.47	
361	39	01-01-0010	6190546	264	24181.82	1.03	
362	39	01-01-0010	6196844	253	24206.42	0.99	
363	39	01-01-0010	6198198	200	24211.71	0.78	
364	39	01-01-0010	6199176	243	24215.53	0.95	
365	39	01-01-0010	6200256	169	24219.75	0.66	
366	39	01-01-0010	6201864	223	24226.03	0.87	
367	39	01-01-0010	6202908	328	24230.11	1.28	
368	39	01-01-0010	6210644	174	24260.33	0.68	
369	40	01-01-0010	6238541	110	24369.3	0.43	
370	40	01-01-0010	6244301	202	24391.8	0.79	
371	40	01-01-0010	6248236	164	24407.17	0.64	
372	40	01-01-0010	6248712	97	24409.03	0.38	
373	40	01-01-0010	6250982	200	24417.9	0.78	
374	40	01-01-0010	6251259	205	24418.98	0.8	
375	40	01-01-0010	6251978	184	24421.79	0.72	
376	40	01-01-0010	6252744	161	24424.78	0.63	
377	40	01-01-0010	6254610	108	24432.07	0.42	
378	40	01-01-0010	6256922	261	24441.1	1.02	
379	40	01-01-0010	6261706	233	24459.79	0.91	
380	40	01-01-0010	6263245	192	24465.8	0.75	
381	40	01-01-0010	6266312	210	24477.78	0.82	
382	41	01-01-0011	886787	115	3464.01	0.45	
383	41	01-01-0011	889108	136	3473.08	0.53	
384	41	01-01-0011	890732	182	3479.42	0.71	
385	41	01-01-0011	891640	371	3482.97	1.45	
386	41	01-01-0011	892751	146	3487.31	0.57	
387	41	01-01-0011	897966	192	3507.68	0.75	
388	41	01-01-0011	909284	182	3551.89	0.71	
389	41	01-01-0011	911050	136	3558.79	0.53	
390	42	01-01-0011	1890632	120	7385.28	0.47	
391	42	01-01-0011	1891011	187	7386.76	0.73	
392	42	01-01-0011	1891950	220	7390.43	0.86	
393	42	01-01-0011	1894638	159	7400.93	0.62	
394	42	01-01-0011	1895959	453	7406.09	1.77	
395	42	01-01-0011	1896681	374	7408.91	1.46	
396	42	01-01-0011	1898952	317	7417.78	1.24	
397	42	01-01-0011	1907707	159	7451.98	0.62	
398	42	01-01-0011	1909619	392	7459.45	1.53	
399	42	01-01-0011	1910612	394	7463.33	1.54	
400	43	01-01-0011	3659318	200	14294.21	0.78	
401	43	01-01-0011	3662310	128	14305.9	0.5	
402	43	01-01-0011	3663680	108	14311.25	0.42	
403	43	01-01-0011	3664573	392	14314.74	1.53	
404	43	01-01-0011	3665595	274	14318.73	1.07	
405	43	01-01-0011	3666844	456	14323.61	1.78	
406	43	01-01-0011	3668541	131	14330.24	0.51	
407	43	01-01-0011	3669207	358	14332.84	1.4	
408	43	01-01-0011	3673254	125	14348.65	0.49	
409	43	01-01-0011	3674058	182	14351.79	0.71	
410	43	01-01-0011	3674698	118	14354.29	0.46	
411	43	01-01-0011	3676063	187	14359.62	0.73	
412	43	01-01-0011	3676974	287	14363.18	1.12	
413	43	01-01-0011	3678582	195	14369.46	0.76	
414	44	01-01-0011	3961106	174	15473.07	0.68	
415	44	01-01-0011	3962959	92	15480.31	0.36	
416	44	01-01-0011	3969971	131	15507.7	0.51	
417	44	01-01-0011	3971108	159	15512.14	0.62	
418	44	01-01-0011	3973699	120	15522.26	0.47	
419	44	01-01-0011	3974372	84	15524.89	0.33	
420	44	01-01-0011	3977649	146	15537.69	0.57	
421	44	01-01-0011	3979850	274	15546.29	1.07	
422	44	01-01-0011	3980680	338	15549.53	1.32	
423	44	01-01-0011	3981366	108	15552.21	0.42	
424	44	01-01-0011	3985280	218	15567.5	0.85	
425	45	01-01-0011	4143278	156	16184.68	0.61	
426	45	01-01-0011	4144901	187	16191.02	0.73	
427	45	01-01-0011	4146806	197	16198.46	0.77	
428	45	01-01-0011	4148785	269	16206.19	1.05	
429	45	01-01-0011	4149732	289	16209.89	1.13	
430	45	01-01-0011	4150723	202	16213.76	0.79	
431	45	01-01-0011	4152218	259	16219.6	1.01	
432	45	01-01-0011	4153454	248	16224.43	0.97	
433	45	01-01-0011	4154053	330	16226.77	1.29	
434	45	01-01-0011	4156060	238	16234.61	0.93	
435	45	01-01-0011	4158774	325	16245.21	1.27	
436	45	01-01-0011	4163899	172	16265.23	0.67	
437	45	01-01-0011	4166019	253	16273.51	0.99	
438	45	01-01-0011	4166996	346	16277.33	1.35	
439	46	01-01-0011	4550019	256	17773.51	1	
440	46	01-01-0011	4566456	259	17837.72	1.01	
441	46	01-01-0011	4570138	141	17852.1	0.55	
442	46	01-01-0011	4573990	164	17867.15	0.64	
443	47	01-01-0011	4927898	102	19249.6	0.4	
444	47	01-01-0011	4929615	205	19256.31	0.8	
445	47	01-01-0011	4931110	192	19262.15	0.75	
446	47	01-01-0011	4932255	251	19266.62	0.98	
447	47	01-01-0011	4934208	223	19274.25	0.87	
448	47	01-01-0011	4940186	333	19297.6	1.3	
449	47	01-01-0011	4941084	102	19301.11	0.4	
450	47	01-01-0011	4943951	420	19312.31	1.64	
451	47	01-01-0011	4945405	115	19317.99	0.45	
452	47	01-01-0011	4950428	146	19337.61	0.57	
453	48	01-01-0011	5624847	243	21972.06	0.95	
454	48	01-01-0011	5626519	305	21978.59	1.19	
455	49	01-01-0011	5767995	294	22531.23	1.15	
456	49	01-01-0011	5769111	297	22535.59	1.16	
457	49	01-01-0011	5784806	238	22596.9	0.93	
458	49	01-01-0011	5785912	251	22601.22	0.98	
459	49	01-01-0011	5787136	108	22606	0.42	
460	50	01-01-0011	5847667	338	22842.45	1.32	
461	50	01-01-0011	5848742	169	22846.65	0.66	
462	50	01-01-0011	5849708	148	22850.42	0.58	
463	50	01-01-0011	5850770	164	22854.57	0.64	
464	50	01-01-0011	5853588	97	22865.58	0.38	
465	50	01-01-0011	5860460	148	22892.42	0.58	
466	50	01-01-0011	5861524	118	22896.58	0.46	
467	50	01-01-0011	5862669	148	22901.05	0.58	
468	50	01-01-0011	5869688	100	22928.47	0.39	
469	53	01-01-0012	3535788	108	13811.67	0.42	
470	55	01-01-0012	4511823	218	17624.31	0.85	
471	61	01-01-0013	525020	197	2050.86	0.77	
472	61	01-01-0013	527252	136	2059.58	0.53	
473	61	01-01-0013	527729	120	2061.44	0.47	
474	61	01-01-0013	533353	179	2083.41	0.7	
475	61	01-01-0013	537326	136	2098.93	0.53	
476	62	01-01-0013	1134131	205	4430.2	0.8	
477	62	01-01-0013	1134592	141	4432	0.55	
478	62	01-01-0013	1138836	195	4448.58	0.76	
479	62	01-01-0013	1145444	195	4474.39	0.76	
480	62	01-01-0013	1146284	154	4477.67	0.6	
481	62	01-01-0013	1147999	274	4484.37	1.07	
482	63	01-01-0013	2088753	192	8159.19	0.75	
483	63	01-01-0013	2090890	330	8167.54	1.29	
484	63	01-01-0013	2094487	133	8181.59	0.52	
485	63	01-01-0013	2098757	236	8198.27	0.92	
486	64	01-01-0013	2144038	248	8375.15	0.97	
487	66	01-01-0013	3033715	284	11850.45	1.11	
488	66	01-01-0013	3035876	174	11858.89	0.68	
489	66	01-01-0013	3048742	215	11909.15	0.84	
490	66	01-01-0013	3056817	320	11940.69	1.25	
491	67	01-01-0013	4081009	141	15941.44	0.55	
492	68	01-01-0013	4221440	151	16490	0.59	
493	68	01-01-0013	4223811	271	16499.26	1.06	
494	69	01-01-0013	5672666	118	22158.85	0.46	
495	69	01-01-0013	5681183	302	22192.12	1.18	
496	70	01-01-0013	6965924	261	27210.64	1.02	
497	70	01-01-0013	6970327	620	27227.84	2.42	
498	70	01-01-0013	6971540	502	27232.58	1.96	
499	70	01-01-0013	6988352	269	27298.25	1.05	
500	70	01-01-0013	6990231	271	27305.59	1.06	
501	70	01-01-0013	6993006	192	27316.43	0.75	
502	71	01-01-0014	1674629	141	6541.52	0.55	
503	71	01-01-0014	1688901	123	6597.27	0.48	
504	71	01-01-0014	1693768	136	6616.28	0.53	
505	72	01-01-0014	1723343	172	6731.81	0.67	
506	72	01-01-0014	1724567	146	6736.59	0.57	
507	73	01-01-0014	2159562	184	8435.79	0.72	
508	73	01-01-0014	2182917	212	8527.02	0.83	
509	74	01-01-0014	2349243	404	9176.73	1.58	
510	75	01-01-0014	3285568	133	12834.25	0.52	
511	75	01-01-0014	3286633	228	12838.41	0.89	
512	75	01-01-0014	3287350	218	12841.21	0.85	
513	75	01-01-0014	3291633	108	12857.94	0.42	
514	75	01-01-0014	3293466	113	12865.1	0.44	
515	76	01-01-0014	3352054	159	13093.96	0.62	
516	76	01-01-0014	3355983	307	13109.31	1.2	
517	76	01-01-0014	3357092	315	13113.64	1.23	
518	77	01-01-0014	4379704	108	17108.22	0.42	
519	77	01-01-0014	4391429	230	17154.02	0.9	
520	78	01-01-0014	4438820	276	17339.14	1.08	
521	78	01-01-0014	4444165	159	17360.02	0.62	
522	79	01-01-0014	5040737	195	19690.38	0.76	
523	80	01-01-0014	5230259	251	20430.7	0.98	
524	80	01-01-0014	5236029	164	20453.24	0.64	
525	80	01-01-0014	5236946	197	20456.82	0.77	
526	81	01-01-0016	2607613	223	10185.99	0.87	
527	81	01-01-0016	2608261	212	10188.52	0.83	
528	81	01-01-0016	2610107	241	10195.73	0.94	
529	81	01-01-0016	2617766	435	10225.65	1.7	
530	81	01-01-0016	2619003	238	10230.48	0.93	
531	81	01-01-0016	2620680	207	10237.03	0.81	
532	81	01-01-0016	2621832	90	10241.53	0.35	
533	81	01-01-0016	2622395	269	10243.73	1.05	
534	81	01-01-0016	2623590	264	10248.4	1.03	
535	82	01-01-0016	3240425	330	12657.91	1.29	
536	82	01-01-0016	3252872	207	12706.53	0.81	
537	83	01-01-0016	3257280	320	12723.75	1.25	
538	83	01-01-0016	3259812	294	12733.64	1.15	
539	83	01-01-0016	3267732	259	12764.58	1.01	
540	83	01-01-0016	3269207	284	12770.34	1.11	
541	83	01-01-0016	3274545	251	12791.19	0.98	
542	83	01-01-0016	3276605	274	12799.24	1.07	
543	84	01-01-0016	3955034	159	15449.35	0.62	
544	84	01-01-0016	3956127	276	15453.62	1.08	
545	84	01-01-0016	3957363	346	15458.45	1.35	
546	84	01-01-0016	3959178	120	15465.54	0.47	
547	84	01-01-0016	3961994	200	15476.54	0.78	
548	84	01-01-0016	3963476	195	15482.33	0.76	
549	84	01-01-0016	3974395	146	15524.98	0.57	
550	85	01-01-0016	4098673	172	16010.44	0.67	
551	85	01-01-0016	4104013	259	16031.3	1.01	
552	86	01-01-0016	4141683	202	16178.45	0.79	
553	86	01-01-0016	4143337	356	16184.91	1.39	
554	86	01-01-0016	4150367	118	16212.37	0.46	
555	87	01-01-0016	4859820	172	18983.67	0.67	
556	87	01-01-0016	4862093	172	18992.55	0.67	
557	87	01-01-0016	4874414	131	19040.68	0.51	
558	87	01-01-0016	4883666	151	19076.82	0.59	
559	87	01-01-0016	4884503	159	19080.09	0.62	
560	88	01-01-0016	5117350	346	19989.65	1.35	
561	88	01-01-0016	5118956	189	19995.92	0.74	
562	88	01-01-0016	5122429	241	20009.49	0.94	
563	88	01-01-0016	5123617	494	20014.13	1.93	
564	89	01-01-0016	5323471	138	20794.81	0.54	
565	89	01-01-0016	5336932	294	20847.39	1.15	
566	90	01-01-0016	5415025	210	21152.44	0.82	
567	91	01-01-0017	2855665	166	11154.94	0.65	
568	91	01-01-0017	2856763	151	11159.23	0.59	
569	91	01-01-0017	2877253	197	11239.27	0.77	
570	92	01-01-0017	3553782	115	13881.96	0.45	
571	92	01-01-0017	3555159	238	13887.34	0.93	
572	92	01-01-0017	3572795	246	13956.23	0.96	
573	93	01-01-0017	3649641	136	14256.41	0.53	
574	93	01-01-0017	3650990	218	14261.68	0.85	
575	93	01-01-0017	3652101	115	14266.02	0.45	
576	93	01-01-0017	3663217	161	14309.44	0.63	
577	93	01-01-0017	3670162	161	14336.57	0.63	
578	94	01-01-0017	3695219	233	14434.45	0.91	
579	95	01-01-0017	5464353	289	21345.13	1.13	
580	95	01-01-0017	5467540	143	21357.58	0.56	
581	95	01-01-0017	5490501	317	21447.27	1.24	
582	96	01-01-0017	5523154	113	21574.82	0.44	
583	96	01-01-0017	5535493	148	21623.02	0.58	
584	96	01-01-0017	5547213	154	21668.8	0.6	
585	97	01-01-0017	6405128	202	25020.03	0.79	
586	98	01-01-0017	6565076	113	25644.83	0.44	
587	98	01-01-0017	6565535	146	25646.62	0.57	
588	98	01-01-0017	6573286	136	25676.9	0.53	
589	98	01-01-0017	6578324	120	25696.58	0.47	
590	98	01-01-0017	6579894	172	25702.71	0.67	
591	98	01-01-0017	6582129	177	25711.44	0.69	
592	99	01-01-0017	6606282	118	25805.79	0.46	
593	99	01-01-0017	6622630	125	25869.65	0.49	
594	101	01-01-0018	1360965	410	5316.27	1.6	
595	101	01-01-0018	1361915	425	5319.98	1.66	
596	101	01-01-0018	1362801	159	5323.44	0.62	
597	101	01-01-0018	1363715	264	5327.01	1.03	
598	101	01-01-0018	1364531	97	5330.2	0.38	
599	101	01-01-0018	1364805	138	5331.27	0.54	
600	101	01-01-0018	1365568	148	5334.25	0.58	
601	101	01-01-0018	1366559	177	5338.12	0.69	
602	101	01-01-0018	1372490	97	5361.29	0.38	
603	101	01-01-0018	1374275	161	5368.26	0.63	
604	101	01-01-0018	1376648	215	5377.53	0.84	
605	101	01-01-0018	1377958	154	5382.65	0.6	
606	101	01-01-0018	1379236	100	5387.64	0.39	
607	101	01-01-0018	1381079	253	5394.84	0.99	
608	101	01-01-0018	1382920	200	5402.03	0.78	
609	101	01-01-0018	1384640	289	5408.75	1.13	
610	101	01-01-0018	1386583	504	5416.34	1.97	
611	102	01-01-0018	1667587	228	6514.01	0.89	
612	102	01-01-0018	1669179	302	6520.23	1.18	
613	102	01-01-0018	1670789	195	6526.52	0.76	
614	102	01-01-0018	1672435	161	6532.95	0.63	
615	102	01-01-0018	1673700	141	6537.89	0.55	
616	102	01-01-0018	1680069	274	6562.77	1.07	
617	102	01-01-0018	1682427	159	6571.98	0.62	
618	102	01-01-0018	1685240	113	6582.97	0.44	
619	102	01-01-0018	1686295	228	6587.09	0.89	
620	103	01-01-0018	1828114	402	7141.07	1.57	
621	103	01-01-0018	1829315	346	7145.76	1.35	
622	103	01-01-0018	1830264	379	7149.47	1.48	
623	103	01-01-0018	1846349	131	7212.3	0.51	
624	103	01-01-0018	1848486	246	7220.65	0.96	
625	104	01-01-0018	2756180	123	10766.33	0.48	
626	105	01-01-0018	3492774	358	13643.65	1.4	
627	105	01-01-0018	3496899	182	13659.76	0.71	
628	105	01-01-0018	3497812	264	13663.33	1.03	
629	105	01-01-0018	3503155	136	13684.2	0.53	
630	105	01-01-0018	3504934	166	13691.15	0.65	
631	105	01-01-0018	3510080	172	13711.25	0.67	
632	105	01-01-0018	3516485	156	13736.27	0.61	
633	105	01-01-0018	3517002	310	13738.29	1.21	
634	105	01-01-0018	3518630	82	13744.65	0.32	
635	105	01-01-0018	3518866	148	13745.57	0.58	
636	105	01-01-0018	3519892	113	13749.58	0.44	
637	106	01-01-0018	3705101	108	14473.05	0.42	
638	106	01-01-0018	3718269	148	14524.49	0.58	
639	106	01-01-0018	3718894	289	14526.93	1.13	
640	106	01-01-0018	3720653	302	14533.8	1.18	
641	106	01-01-0018	3722348	172	14540.42	0.67	
642	106	01-01-0018	3722627	90	14541.51	0.35	
643	106	01-01-0018	3723433	197	14544.66	0.77	
644	106	01-01-0018	3727534	97	14560.68	0.38	
645	107	01-01-0018	4899300	215	19137.89	0.84	
646	107	01-01-0018	4902556	223	19150.61	0.87	
647	107	01-01-0018	4905492	113	19162.08	0.44	
648	107	01-01-0018	4906214	169	19164.9	0.66	
649	107	01-01-0018	4908485	202	19173.77	0.79	
650	107	01-01-0018	4909358	148	19177.18	0.58	
651	107	01-01-0018	4912138	246	19188.04	0.96	
652	107	01-01-0018	4913792	136	19194.5	0.53	
653	107	01-01-0018	4917348	177	19208.39	0.69	
654	107	01-01-0018	4920594	154	19221.07	0.6	
655	108	01-01-0018	4990546	284	19494.32	1.11	
656	108	01-01-0018	4991212	225	19496.92	0.88	
657	108	01-01-0018	4992125	120	19500.49	0.47	
658	108	01-01-0018	4994074	187	19508.1	0.73	
659	108	01-01-0018	4995141	148	19512.27	0.58	
660	108	01-01-0018	5002012	228	19539.11	0.89	
661	108	01-01-0018	5002711	143	19541.84	0.56	
662	108	01-01-0018	5003622	195	19545.4	0.76	
663	108	01-01-0018	5004370	223	19548.32	0.87	
664	108	01-01-0018	5005000	141	19550.78	0.55	
665	108	01-01-0018	5005635	164	19553.26	0.64	
666	108	01-01-0018	5007818	136	19561.79	0.53	
667	108	01-01-0018	5009331	169	19567.7	0.66	
668	108	01-01-0018	5013140	95	19582.58	0.37	
669	108	01-01-0018	5016732	282	19596.61	1.1	
670	108	01-01-0018	5017472	212	19599.5	0.83	
671	109	01-01-0018	5261002	197	20550.79	0.77	
672	109	01-01-0018	5262477	164	20556.55	0.64	
673	109	01-01-0018	5263455	182	20560.37	0.71	
674	109	01-01-0018	5268567	143	20580.34	0.56	
675	109	01-01-0018	5271252	236	20590.83	0.92	
676	109	01-01-0018	5275336	225	20606.78	0.88	
677	109	01-01-0018	5277110	207	20613.71	0.81	
678	109	01-01-0018	5281789	187	20631.99	0.73	
679	109	01-01-0018	5283108	156	20637.14	0.61	
680	109	01-01-0018	5286103	294	20648.84	1.15	
681	110	01-01-0018	5379909	251	21015.27	0.98	
682	110	01-01-0018	5381069	131	21019.8	0.51	
683	110	01-01-0018	5384079	146	21031.56	0.57	
684	110	01-01-0018	5387886	266	21046.43	1.04	
685	110	01-01-0018	5390764	287	21057.67	1.12	
686	110	01-01-0018	5393083	412	21066.73	1.61	
687	110	01-01-0018	5402642	143	21104.07	0.56	
688	110	01-01-0018	5403745	97	21108.38	0.38	
689	111	01-01-0019	1538540	131	6009.92	0.51	
690	111	01-01-0019	1545853	125	6038.49	0.49	
691	111	01-01-0019	1546491	143	6040.98	0.56	
692	111	01-01-0019	1547366	102	6044.4	0.4	
693	111	01-01-0019	1556454	123	6079.9	0.48	
694	111	01-01-0019	1556966	110	6081.9	0.43	
695	111	01-01-0019	1559831	182	6093.09	0.71	
696	112	01-01-0019	1728993	84	6753.88	0.33	
697	112	01-01-0019	1732728	113	6768.47	0.44	
698	112	01-01-0019	1733932	174	6773.17	0.68	
699	112	01-01-0019	1742467	151	6806.51	0.59	
700	113	01-01-0019	2471667	113	9654.95	0.44	
701	113	01-01-0019	2480806	154	9690.65	0.6	
702	113	01-01-0019	2495491	123	9748.01	0.48	
703	113	01-01-0019	2498737	82	9760.69	0.32	
704	114	01-01-0019	3369764	138	13163.14	0.54	
705	114	01-01-0019	3378890	161	13198.79	0.63	
706	115	01-01-0019	3407237	92	13309.52	0.36	
707	115	01-01-0019	3414121	102	13336.41	0.4	
708	115	01-01-0019	3414477	120	13337.8	0.47	
709	116	01-01-0019	5545974	192	21663.96	0.75	
710	116	01-01-0019	5547118	177	21668.43	0.69	
711	116	01-01-0019	5552612	177	21689.89	0.69	
712	116	01-01-0019	5553638	136	21693.9	0.53	
713	116	01-01-0019	5565066	100	21738.54	0.39	
714	117	01-01-0019	5869496	97	22927.72	0.38	
715	118	01-01-0019	6412698	138	25049.6	0.54	
716	118	01-01-0019	6415496	159	25060.53	0.62	
717	118	01-01-0019	6425526	136	25099.71	0.53	
718	118	01-01-0019	6426488	136	25103.47	0.53	
719	118	01-01-0019	6427679	207	25108.12	0.81	
720	118	01-01-0019	6427937	100	25109.13	0.39	
721	118	01-01-0019	6428465	125	25111.19	0.49	
722	118	01-01-0019	6429215	105	25114.12	0.41	
723	119	01-01-0019	6893806	141	26928.93	0.55	
724	119	01-01-0019	6905646	102	26975.18	0.4	
725	119	01-01-0019	6914301	212	27008.99	0.83	
726	119	01-01-0019	6914970	177	27011.6	0.69	
727	120	01-01-0019	7145802	223	27913.29	0.87	
728	120	01-01-0019	7156703	187	27955.87	0.73	
729	121	01-01-0020	1016154	195	3969.35	0.76	
730	121	01-01-0020	1016435	141	3970.45	0.55	
731	121	01-01-0020	1016632	159	3971.22	0.62	
732	121	01-01-0020	1017923	276	3976.26	1.08	
733	121	01-01-0020	1019226	125	3981.35	0.49	
734	121	01-01-0020	1019881	113	3983.91	0.44	
735	121	01-01-0020	1020186	530	3985.1	2.07	
736	121	01-01-0020	1024000	243	4000	0.95	
737	121	01-01-0020	1027589	410	4014.02	1.6	
738	121	01-01-0020	1029852	284	4022.86	1.11	
739	121	01-01-0020	1030313	125	4024.66	0.49	
740	121	01-01-0020	1033288	218	4036.28	0.85	
741	121	01-01-0020	1033997	256	4039.05	1	
742	121	01-01-0020	1035220	187	4043.83	0.73	
743	121	01-01-0020	1035546	212	4045.1	0.83	
744	121	01-01-0020	1036273	136	4047.94	0.53	
745	121	01-01-0020	1036772	125	4049.89	0.49	
746	121	01-01-0020	1037135	187	4051.31	0.73	
747	121	01-01-0020	1039718	182	4061.4	0.71	
748	121	01-01-0020	1042824	205	4073.53	0.8	
749	122	01-01-0020	1129469	238	4411.99	0.93	
750	122	01-01-0020	1131405	115	4419.55	0.45	
751	122	01-01-0020	1132756	128	4424.83	0.5	
752	122	01-01-0020	1136735	218	4440.37	0.85	
753	122	01-01-0020	1140605	381	4455.49	1.49	
754	122	01-01-0020	1143375	90	4466.31	0.35	
755	122	01-01-0020	1151340	305	4497.42	1.19	
756	122	01-01-0020	1152676	172	4502.64	0.67	
757	122	01-01-0020	1153211	105	4504.73	0.41	
758	122	01-01-0020	1157066	220	4519.79	0.86	
759	123	01-01-0020	1251988	253	4890.58	0.99	
760	123	01-01-0020	1261701	131	4928.52	0.51	
761	123	01-01-0020	1262323	161	4930.95	0.63	
762	123	01-01-0020	1263268	172	4934.64	0.67	
763	123	01-01-0020	1264484	238	4939.39	0.93	
764	123	01-01-0020	1266324	445	4946.58	1.74	
765	123	01-01-0020	1268657	381	4955.69	1.49	
766	123	01-01-0020	1271293	356	4965.99	1.39	
767	123	01-01-0020	1273928	443	4976.28	1.73	
768	123	01-01-0020	1280532	212	5002.08	0.83	
769	124	01-01-0020	1611848	161	6296.28	0.63	
770	124	01-01-0020	1619494	356	6326.15	1.39	
771	124	01-01-0020	1622743	215	6338.84	0.84	
772	124	01-01-0020	1631721	284	6373.91	1.11	
773	124	01-01-0020	1633175	241	6379.59	0.94	
774	124	01-01-0020	1635174	182	6387.4	0.71	
775	125	01-01-0020	2693701	133	10522.27	0.52	
776	125	01-01-0020	2695588	205	10529.64	0.8	
777	125	01-01-0020	2697861	123	10538.52	0.48	
778	125	01-01-0020	2699031	105	10543.09	0.41	
779	125	01-01-0020	2699932	182	10546.61	0.71	
780	125	01-01-0020	2700700	161	10549.61	0.63	
781	125	01-01-0020	2701527	566	10552.84	2.21	
782	125	01-01-0020	2702830	384	10557.93	1.5	
783	125	01-01-0020	2703910	146	10562.15	0.57	
784	125	01-01-0020	2705613	215	10568.8	0.84	
785	125	01-01-0020	2708721	238	10580.94	0.93	
786	125	01-01-0020	2713700	335	10600.39	1.31	
787	125	01-01-0020	2715333	174	10606.77	0.68	
788	126	01-01-0020	3757676	212	14678.42	0.83	
789	126	01-01-0020	3760986	184	14691.35	0.72	
790	126	01-01-0020	3772831	220	14737.62	0.86	
791	126	01-01-0020	3776305	276	14751.19	1.08	
792	126	01-01-0020	3777283	251	14755.01	0.98	
793	126	01-01-0020	3778365	159	14759.24	0.62	
794	127	01-01-0020	4060705	151	15862.13	0.59	
795	127	01-01-0020	4063165	323	15871.74	1.26	
796	127	01-01-0020	4064530	274	15877.07	1.07	
797	127	01-01-0020	4065769	343	15881.91	1.34	
798	127	01-01-0020	4066688	274	15885.5	1.07	
799	127	01-01-0020	4068959	276	15894.37	1.08	
800	127	01-01-0020	4069676	215	15897.17	0.84	
801	127	01-01-0020	4070318	182	15899.68	0.71	
802	127	01-01-0020	4071690	146	15905.04	0.57	
803	127	01-01-0020	4073454	133	15911.93	0.52	
804	127	01-01-0020	4074514	297	15916.07	1.16	
805	127	01-01-0020	4078139	266	15930.23	1.04	
806	127	01-01-0020	4088709	138	15971.52	0.54	
807	128	01-01-0020	4128799	182	16128.12	0.71	
808	128	01-01-0020	4134884	125	16151.89	0.49	
809	129	01-01-0020	4596598	197	17955.46	0.77	
810	130	01-01-0020	8080686	161	31565.18	0.63	
811	130	01-01-0020	8082760	361	31573.28	1.41	
812	130	01-01-0020	8083384	207	31575.72	0.81	
813	130	01-01-0020	8083896	330	31577.72	1.29	
814	130	01-01-0020	8084672	330	31580.75	1.29	
815	130	01-01-0020	8087480	351	31591.72	1.37	
816	130	01-01-0020	8088927	310	31597.37	1.21	
817	130	01-01-0020	8090918	141	31605.15	0.55	
818	130	01-01-0020	8092754	177	31612.32	0.69	
819	130	01-01-0020	8093663	282	31615.87	1.1	
820	130	01-01-0020	8094930	207	31620.82	0.81	
821	130	01-01-0020	8096015	113	31625.06	0.44	
822	130	01-01-0020	8099228	161	31637.61	0.63	
823	130	01-01-0020	8103327	177	31653.62	0.69	
824	130	01-01-0020	8105178	115	31660.85	0.45	
825	131	01-01-0021	3023903	189	11812.12	0.74	
826	131	01-01-0021	3025091	187	11816.76	0.73	
827	131	01-01-0021	3027756	184	11827.17	0.72	
828	131	01-01-0021	3029652	156	11834.58	0.61	
829	131	01-01-0021	3031900	230	11843.36	0.9	
830	131	01-01-0021	3036498	218	11861.32	0.85	
831	131	01-01-0021	3036877	279	11862.8	1.09	
832	131	01-01-0021	3037885	133	11866.74	0.52	
833	131	01-01-0021	3038228	177	11868.08	0.69	
834	131	01-01-0021	3038810	210	11870.35	0.82	
835	131	01-01-0021	3045379	200	11896.01	0.78	
836	131	01-01-0021	3046710	131	11901.21	0.51	
837	131	01-01-0021	3047101	184	11902.74	0.72	
838	131	01-01-0021	3047429	108	11904.02	0.42	
839	131	01-01-0021	3051005	241	11917.99	0.94	
840	132	01-01-0021	3066755	187	11979.51	0.73	
841	132	01-01-0021	3067853	202	11983.8	0.79	
842	132	01-01-0021	3073139	289	12004.45	1.13	
843	132	01-01-0021	3073748	182	12006.83	0.71	
844	132	01-01-0021	3084449	177	12048.63	0.69	
845	132	01-01-0021	3089846	143	12069.71	0.56	
846	132	01-01-0021	3090319	233	12071.56	0.91	
847	133	01-01-0021	3103882	120	12124.54	0.47	
848	134	01-01-0021	3211082	210	12543.29	0.82	
849	135	01-01-0021	3238333	320	12649.74	1.25	
850	135	01-01-0021	3248187	210	12688.23	0.82	
851	135	01-01-0021	3251072	131	12699.5	0.51	
852	135	01-01-0021	3256735	108	12721.62	0.42	
853	136	01-01-0021	3368010	251	13156.29	0.98	
854	136	01-01-0021	3381486	256	13208.93	1	
855	137	01-01-0021	4525363	146	17677.2	0.57	
856	137	01-01-0021	4531433	172	17700.91	0.67	
857	137	01-01-0021	4539313	156	17731.69	0.61	
858	137	01-01-0021	4541256	364	17739.28	1.42	
859	138	01-01-0021	4754455	192	18572.09	0.75	
860	138	01-01-0021	4763284	317	18606.58	1.24	
861	138	01-01-0021	4765366	136	18614.71	0.53	
862	138	01-01-0021	4774290	315	18649.57	1.23	
863	138	01-01-0021	4775959	305	18656.09	1.19	
864	139	01-01-0021	4824005	248	18843.77	0.97	
865	140	01-01-0021	6490516	279	25353.58	1.09	
866	140	01-01-0021	6491827	279	25358.7	1.09	
867	140	01-01-0021	6496013	143	25375.05	0.56	
868	140	01-01-0021	6497032	128	25379.03	0.5	
869	140	01-01-0021	6508516	156	25423.89	0.61	
870	141	01-01-0022	528330	148	2063.79	0.58	
871	141	01-01-0022	536671	156	2096.37	0.61	
872	143	01-01-0022	697042	159	2722.82	0.62	
873	144	01-01-0022	764803	154	2987.51	0.6	
874	146	01-01-0022	1342589	261	5244.49	1.02	
875	148	01-01-0022	2244616	164	8768.03	0.64	
876	151	01-01-0023	1204977	187	4706.94	0.73	
877	151	01-01-0023	1206569	146	4713.16	0.57	
878	151	01-01-0023	1207350	197	4716.21	0.77	
879	151	01-01-0023	1209754	115	4725.6	0.45	
880	151	01-01-0023	1214730	184	4745.04	0.72	
881	151	01-01-0023	1218737	172	4760.69	0.67	
882	151	01-01-0023	1219103	159	4762.12	0.62	
883	151	01-01-0023	1225316	223	4786.39	0.87	
884	151	01-01-0023	1226511	161	4791.06	0.63	
885	152	01-01-0023	4533537	248	17709.13	0.97	
886	152	01-01-0023	4536090	292	17719.1	1.14	
887	152	01-01-0023	4537339	274	17723.98	1.07	
888	152	01-01-0023	4538729	351	17729.41	1.37	
889	152	01-01-0023	4544210	228	17750.82	0.89	
890	152	01-01-0023	4547284	174	17762.83	0.68	
891	152	01-01-0023	4547520	182	17763.75	0.71	
892	152	01-01-0023	4549015	238	17769.59	0.93	
893	152	01-01-0023	4551375	292	17778.81	1.14	
894	152	01-01-0023	4556173	215	17797.55	0.84	
895	153	01-01-0023	7219996	131	28203.11	0.51	
896	153	01-01-0023	7224937	141	28222.41	0.55	
897	153	01-01-0023	7225974	248	28226.46	0.97	
898	153	01-01-0023	7227133	207	28230.99	0.81	
899	153	01-01-0023	7228268	353	28235.42	1.38	
900	153	01-01-0023	7233190	161	28254.65	0.63	
901	153	01-01-0023	7234493	148	28259.74	0.58	
902	153	01-01-0023	7235018	159	28261.79	0.62	
903	153	01-01-0023	7235986	358	28265.57	1.4	
904	153	01-01-0023	7244411	179	28298.48	0.7	
905	154	01-01-0024	4314980	376	16855.39	1.47	
906	154	01-01-0024	4315692	340	16858.17	1.33	
907	154	01-01-0024	4322785	113	16885.88	0.44	
908	154	01-01-0024	4325660	172	16897.11	0.67	
909	154	01-01-0024	4326856	136	16901.78	0.53	
910	154	01-01-0024	4327933	351	16905.99	1.37	
911	154	01-01-0024	4329777	207	16913.19	0.81	
912	154	01-01-0024	4330765	302	16917.05	1.18	
913	154	01-01-0024	4331133	133	16918.49	0.52	
914	154	01-01-0024	4331953	302	16921.69	1.18	
915	154	01-01-0024	4334152	146	16930.28	0.57	
916	155	01-01-0024	4350751	210	16995.12	0.82	
917	155	01-01-0024	4352056	218	17000.22	0.85	
918	155	01-01-0024	4368087	141	17062.84	0.55	
919	155	01-01-0024	4370931	236	17073.95	0.92	
920	155	01-01-0024	4372531	223	17080.2	0.87	
921	156	01-01-0024	7897196	138	30848.42	0.54	
922	156	01-01-0024	7899809	184	30858.63	0.72	
923	156	01-01-0024	7903557	189	30873.27	0.74	
924	156	01-01-0024	7905567	284	30881.12	1.11	
925	156	01-01-0024	7910052	169	30898.64	0.66	
926	156	01-01-0024	7911442	141	30904.07	0.55	
927	157	01-01-0025	2279834	274	8905.6	1.07	
928	157	01-01-0025	2291860	151	8952.58	0.59	
929	157	01-01-0025	2302100	174	8992.58	0.68	
930	159	01-01-0025	6023299	166	23528.51	0.65	
931	159	01-01-0025	6025987	164	23539.01	0.64	
932	161	01-01-0026	3808335	154	14876.31	0.6	
933	161	01-01-0026	3814766	131	14901.43	0.51	
934	161	01-01-0026	3827761	266	14952.19	1.04	
935	162	01-01-0026	5854285	133	22868.3	0.52	
936	162	01-01-0026	5856031	131	22875.12	0.51	
937	162	01-01-0026	5866386	266	22915.57	1.04	
938	162	01-01-0026	5867574	207	22920.21	0.81	
939	162	01-01-0026	5868685	248	22924.55	0.97	
940	163	01-01-0027	1666458	154	6509.6	0.6	
941	163	01-01-0027	1669504	100	6521.5	0.39	
942	163	01-01-0027	1672553	97	6533.41	0.38	
943	163	01-01-0027	1682839	108	6573.59	0.42	
944	163	01-01-0027	1690993	274	6605.44	1.07	
945	164	01-01-0027	2604388	110	10173.39	0.43	
946	164	01-01-0027	2608768	143	10190.5	0.56	
947	164	01-01-0027	2619389	123	10231.99	0.48	
948	165	01-01-0027	4072468	364	15908.08	1.42	
949	165	01-01-0027	4077389	166	15927.3	0.65	
950	165	01-01-0027	4084242	189	15954.07	0.74	
951	168	01-01-0028	4700774	136	18362.4	0.53	
952	169	01-01-0029	2036396	215	7954.67	0.84	
953	169	01-01-0029	2043372	118	7981.92	0.46	
954	169	01-01-0029	2045299	241	7989.45	0.94	
955	169	01-01-0029	2046374	182	7993.65	0.71	
956	169	01-01-0029	2047695	197	7998.81	0.77	
957	169	01-01-0029	2052012	154	8015.67	0.6	
958	169	01-01-0029	2060180	271	8047.58	1.06	
959	169	01-01-0029	2061448	440	8052.53	1.72	
960	170	01-01-0029	4358958	169	17027.18	0.66	
961	170	01-01-0029	4362836	148	17042.33	0.58	
962	170	01-01-0029	4367680	136	17061.25	0.53	
963	170	01-01-0029	4368643	154	17065.01	0.6	
964	170	01-01-0029	4372378	182	17079.6	0.71	
965	170	01-01-0029	4375081	212	17090.16	0.83	
966	170	01-01-0029	4381422	202	17114.93	0.79	
967	170	01-01-0029	4384228	269	17125.89	1.05	
968	170	01-01-0029	4384993	169	17128.88	0.66	
969	171	01-01-0029	6205394	233	24239.82	0.91	
970	172	01-01-0030	701120	371	2738.75	1.45	
971	174	01-01-0030	4139661	443	16170.55	1.73	
972	175	01-01-0031	562665	136	2197.91	0.53	
973	175	01-01-0031	567214	125	2215.68	0.49	
974	175	01-01-0031	568084	118	2219.08	0.46	
975	175	01-01-0031	568443	172	2220.48	0.67	
976	175	01-01-0031	571707	200	2233.23	0.78	
977	175	01-01-0031	573601	138	2240.63	0.54	
978	175	01-01-0031	575437	159	2247.8	0.62	
979	176	01-01-0031	2029286	200	7926.9	0.78	
980	176	01-01-0031	2033298	284	7942.57	1.11	
981	176	01-01-0031	2034642	241	7947.82	0.94	
982	176	01-01-0031	2036416	141	7954.75	0.55	
983	176	01-01-0031	2037637	166	7959.52	0.65	
984	176	01-01-0031	2042240	133	7977.5	0.52	
985	176	01-01-0031	2044808	264	7987.53	1.03	
986	176	01-01-0031	2046180	195	7992.89	0.76	
987	176	01-01-0031	2046828	166	7995.42	0.65	
988	176	01-01-0031	2048182	228	8000.71	0.89	
989	177	01-01-0031	4426284	87	17290.17	0.34	
990	177	01-01-0031	4426404	87	17290.64	0.34	
991	177	01-01-0031	4428408	151	17298.47	0.59	
992	177	01-01-0031	4431130	141	17309.1	0.55	
993	177	01-01-0031	4431918	251	17312.18	0.98	
994	177	01-01-0031	4432210	364	17313.32	1.42	
995	177	01-01-0031	4436874	133	17331.54	0.52	
996	177	01-01-0031	4437873	159	17335.44	0.62	
997	177	01-01-0031	4441329	118	17348.94	0.46	
998	177	01-01-0031	4441907	174	17351.2	0.68	
999	177	01-01-0031	4442890	125	17355.04	0.49	
1000	177	01-01-0031	4443981	330	17359.3	1.29	
1001	177	01-01-0031	4444472	266	17361.22	1.04	
1002	177	01-01-0031	4445750	151	17366.21	0.59	
1003	177	01-01-0031	4446881	154	17370.63	0.6	
1004	177	01-01-0031	4450575	189	17385.06	0.74	
1005	177	01-01-0031	4451630	461	17389.18	1.8	
1006	177	01-01-0031	4453885	266	17397.99	1.04	
1007	178	01-01-0032	1501417	161	5864.91	0.63	
1008	178	01-01-0032	1502467	182	5869.01	0.71	
1009	178	01-01-0032	1503073	133	5871.38	0.52	
1010	178	01-01-0032	1517847	174	5929.09	0.68	
1011	178	01-01-0032	1518676	330	5932.33	1.29	
1012	178	01-01-0032	1520699	166	5940.23	0.65	
1013	178	01-01-0032	1522504	205	5947.28	0.8	
1014	179	01-01-0032	5802012	238	22664.11	0.93	
1015	179	01-01-0032	5807585	215	22685.88	0.84	
1016	179	01-01-0032	5809843	102	22694.7	0.4	
1017	179	01-01-0032	5810020	228	22695.39	0.89	
1018	179	01-01-0032	5810363	200	22696.73	0.78	
1019	179	01-01-0032	5812403	177	22704.7	0.69	
1020	179	01-01-0032	5812964	215	22706.89	0.84	
1021	179	01-01-0032	5814948	182	22714.64	0.71	
1022	179	01-01-0032	5815288	77	22715.97	0.3	
1023	179	01-01-0032	5815455	77	22716.62	0.3	
1024	179	01-01-0032	5816305	136	22719.94	0.53	
1025	179	01-01-0032	5816924	159	22722.36	0.62	
1026	179	01-01-0032	5817953	353	22726.38	1.38	
1027	179	01-01-0032	5819213	148	22731.3	0.58	
1028	179	01-01-0032	5819387	125	22731.98	0.49	
1029	179	01-01-0032	5820572	164	22736.61	0.64	
1030	179	01-01-0032	5821560	133	22740.47	0.52	
1031	179	01-01-0032	5821965	82	22742.05	0.32	
1032	179	01-01-0032	5823657	90	22748.66	0.35	
1033	179	01-01-0032	5826924	87	22761.42	0.34	
1034	180	01-01-0032	5952525	108	23252.05	0.42	
1035	180	01-01-0032	5953034	241	23254.04	0.94	
1036	180	01-01-0032	5955464	238	23263.53	0.93	
1037	180	01-01-0032	5957174	172	23270.21	0.67	
1038	180	01-01-0032	5958454	392	23275.21	1.53	
1039	180	01-01-0032	5960210	172	23282.07	0.67	
1040	180	01-01-0032	5960786	164	23284.32	0.64	
1041	180	01-01-0032	5961838	143	23288.43	0.56	
1042	180	01-01-0032	5963676	246	23295.61	0.96	
1043	180	01-01-0032	5964598	212	23299.21	0.83	
1044	180	01-01-0032	5965381	361	23302.27	1.41	
1045	180	01-01-0032	5970742	123	23323.21	0.48	
1046	180	01-01-0032	5972170	154	23328.79	0.6	
1047	181	01-01-0033	3200420	192	12501.64	0.75	
1048	181	01-01-0033	3202555	77	12509.98	0.3	
1049	181	01-01-0033	3205560	189	12521.72	0.74	
1050	181	01-01-0033	3225782	123	12600.71	0.48	
1051	182	01-01-0033	4878060	407	19054.92	1.59	
1052	182	01-01-0033	4882916	261	19073.89	1.02	
1053	182	01-01-0033	4884129	108	19078.63	0.42	
1054	182	01-01-0033	4884780	312	19081.17	1.22	
1055	182	01-01-0033	4890957	225	19105.3	0.88	
1056	182	01-01-0033	4893361	151	19114.69	0.59	
1057	182	01-01-0033	4895990	184	19124.96	0.72	
1058	182	01-01-0033	4900329	220	19141.91	0.86	
1059	182	01-01-0033	4906166	195	19164.71	0.76	
1060	183	01-01-0033	5269491	113	20583.95	0.44	
1061	184	01-01-0035	2014697	238	7869.91	0.93	
1062	184	01-01-0035	2017247	151	7879.87	0.59	
1063	184	01-01-0035	2020992	302	7894.5	1.18	
1064	184	01-01-0035	2033620	79	7943.83	0.31	
1065	184	01-01-0035	2035210	131	7950.04	0.51	
1066	184	01-01-0035	2036201	261	7953.91	1.02	
1067	185	01-01-0035	2048911	241	8003.56	0.94	
1068	185	01-01-0035	2054065	164	8023.69	0.64	
1069	185	01-01-0035	2056115	169	8031.7	0.66	
1070	185	01-01-0035	2057981	200	8038.99	0.78	
1071	185	01-01-0035	2059991	246	8046.84	0.96	
1072	185	01-01-0035	2061786	369	8053.85	1.44	
1073	185	01-01-0035	2062804	156	8057.83	0.61	
1074	185	01-01-0035	2071539	340	8091.95	1.33	
1075	186	01-01-0035	5490243	243	21446.26	0.95	
1076	186	01-01-0035	5494193	302	21461.69	1.18	
1077	186	01-01-0035	5496707	133	21471.51	0.52	
1078	186	01-01-0035	5498616	182	21478.97	0.71	
1079	186	01-01-0035	5500278	172	21485.46	0.67	
1080	186	01-01-0035	5507415	236	21513.34	0.92	
1081	186	01-01-0035	5508472	381	21517.47	1.49	
1082	186	01-01-0035	5510979	241	21527.26	0.94	
1083	186	01-01-0035	5515154	417	21543.57	1.63	
1084	186	01-01-0035	5517939	143	21554.45	0.56	
1085	187	01-01-0036	2397555	154	9365.45	0.6	
1086	188	01-01-0036	5121754	97	20006.85	0.38	
1087	188	01-01-0036	5126889	315	20026.91	1.23	
1088	188	01-01-0036	5127890	335	20030.82	1.31	
1089	189	01-01-0036	6772631	136	26455.59	0.53	
1090	189	01-01-0036	6792960	195	26535	0.76	
1091	190	01-01-0037	1613002	215	6300.79	0.84	
1092	190	01-01-0037	1617510	225	6318.4	0.88	
1093	190	01-01-0037	1625295	312	6348.81	1.22	
1094	190	01-01-0037	1627121	246	6355.94	0.96	
1095	190	01-01-0037	1629286	225	6364.4	0.88	
1096	190	01-01-0037	1631124	284	6371.58	1.11	
1097	190	01-01-0037	1632745	205	6377.91	0.8	
1098	191	01-01-0037	2589212	279	10114.11	1.09	
1099	191	01-01-0037	2592397	123	10126.55	0.48	
1100	191	01-01-0037	2595871	161	10140.12	0.63	
1101	192	01-01-0037	2607793	87	10186.69	0.34	
1102	192	01-01-0037	2612431	172	10204.81	0.67	
1103	192	01-01-0037	2612966	131	10206.9	0.51	
1104	192	01-01-0037	2617411	77	10224.26	0.3	
1105	192	01-01-0037	2618140	125	10227.11	0.49	
1106	192	01-01-0037	2626365	113	10259.24	0.44	
1107	192	01-01-0037	2630070	261	10273.71	1.02	
1108	193	01-01-0038	997012	113	3894.58	0.44	
1109	193	01-01-0038	1015944	192	3968.53	0.75	
1110	193	01-01-0038	1018637	125	3979.05	0.49	
1111	193	01-01-0038	1020593	172	3986.69	0.67	
1112	193	01-01-0038	1021233	146	3989.19	0.57	
1113	193	01-01-0038	1021996	113	3992.17	0.44	
1114	194	01-01-0038	5790779	197	22620.23	0.77	
1115	194	01-01-0038	5793889	136	22632.38	0.53	
1116	194	01-01-0038	5795100	197	22637.11	0.77	
1117	194	01-01-0038	5799562	210	22654.54	0.82	
1118	194	01-01-0038	5800640	136	22658.75	0.53	
1119	194	01-01-0038	5801815	202	22663.34	0.79	
1120	194	01-01-0038	5802962	223	22667.82	0.87	
1121	194	01-01-0038	5804321	120	22673.13	0.47	
1122	194	01-01-0038	5805775	172	22678.81	0.67	
1123	194	01-01-0038	5807946	187	22687.29	0.73	
1124	194	01-01-0038	5811533	148	22701.3	0.58	
1125	194	01-01-0038	5813821	102	22710.24	0.4	
1126	194	01-01-0038	5814103	161	22711.34	0.63	
1127	194	01-01-0038	5814602	348	22713.29	1.36	
1128	194	01-01-0038	5815552	202	22717	0.79	
1129	195	01-01-0038	6229315	243	24333.26	0.95	
1130	195	01-01-0038	6232622	189	24346.18	0.74	
1131	195	01-01-0038	6234404	187	24353.14	0.73	
1132	195	01-01-0038	6235195	215	24356.23	0.84	
1133	195	01-01-0038	6236109	361	24359.8	1.41	
1134	195	01-01-0038	6237819	148	24366.48	0.58	
1135	195	01-01-0038	6238510	376	24369.18	1.47	
1136	195	01-01-0038	6247700	238	24405.08	0.93	
1137	195	01-01-0038	6250514	223	24416.07	0.87	
1138	195	01-01-0038	6251832	187	24421.22	0.73	
1139	195	01-01-0038	6253537	131	24427.88	0.51	
1140	196	01-01-0040	4280742	220	16721.65	0.86	
1141	196	01-01-0040	4281792	125	16725.75	0.49	
1142	196	01-01-0040	4283274	220	16731.54	0.86	
1143	196	01-01-0040	4286054	205	16742.4	0.8	
1144	196	01-01-0040	4288786	282	16753.07	1.1	
1145	196	01-01-0040	4299279	84	16794.06	0.33	
1146	196	01-01-0040	4304648	82	16815.03	0.32	
1147	197	01-01-0040	4333732	261	16928.64	1.02	
1148	197	01-01-0040	4336586	146	16939.79	0.57	
1149	197	01-01-0040	4337167	228	16942.06	0.89	
1150	197	01-01-0040	4341371	238	16958.48	0.93	
1151	197	01-01-0040	4343424	241	16966.5	0.94	
1152	197	01-01-0040	4345976	200	16976.47	0.78	
1153	197	01-01-0040	4346350	136	16977.93	0.53	
1154	197	01-01-0040	4347159	108	16981.09	0.42	
1155	197	01-01-0040	4349074	100	16988.57	0.39	
1156	197	01-01-0040	4355451	182	17013.48	0.71	
1157	197	01-01-0040	4356157	143	17016.24	0.56	
1158	197	01-01-0040	4357074	166	17019.82	0.65	
1159	197	01-01-0040	4358787	148	17026.51	0.58	
1160	197	01-01-0040	4360425	172	17032.91	0.67	
1161	198	01-01-0040	4431698	82	17311.32	0.32	
1162	198	01-01-0040	4437783	238	17335.09	0.93	
1163	198	01-01-0040	4438410	115	17337.54	0.45	
1164	198	01-01-0040	4439191	177	17340.59	0.69	
1165	198	01-01-0040	4446106	92	17367.6	0.36	
1166	198	01-01-0040	4447104	143	17371.5	0.56	
1167	198	01-01-0040	4447872	356	17374.5	1.39	
1168	198	01-01-0040	4449262	228	17379.93	0.89	
1169	198	01-01-0040	4449731	146	17381.76	0.57	
1170	198	01-01-0040	4450299	102	17383.98	0.4	
1171	198	01-01-0040	4452490	197	17392.54	0.77	
1172	198	01-01-0040	4452741	97	17393.52	0.38	
1173	198	01-01-0040	4455736	146	17405.22	0.57	
1174	198	01-01-0040	4456786	305	17409.32	1.19	
1175	198	01-01-0040	4459436	138	17419.67	0.54	
1176	202	01-01-0042	2059502	125	8044.93	0.49	
1177	202	01-01-0042	2063844	131	8061.89	0.51	
1178	202	01-01-0042	2068869	279	8081.52	1.09	
1179	202	01-01-0042	2069711	92	8084.81	0.36	
1180	202	01-01-0042	2070218	184	8086.79	0.72	
1181	202	01-01-0042	2072812	133	8096.92	0.52	
1182	202	01-01-0042	2075679	97	8108.12	0.38	
1183	202	01-01-0042	2079759	376	8124.06	1.47	
1184	203	01-01-0042	5221087	105	20394.87	0.41	
1185	203	01-01-0042	5221819	228	20397.73	0.89	
1186	203	01-01-0042	5224381	438	20407.74	1.71	
1187	203	01-01-0042	5228178	118	20422.57	0.46	
1188	203	01-01-0042	5228872	138	20425.28	0.54	
1189	203	01-01-0042	5231588	141	20435.89	0.55	
1190	203	01-01-0042	5236795	192	20456.23	0.75	
1191	203	01-01-0042	5238574	156	20463.18	0.61	
1192	203	01-01-0042	5239775	274	20467.87	1.07	
1193	203	01-01-0042	5240778	197	20471.79	0.77	
1194	203	01-01-0042	5243802	172	20483.6	0.67	
1195	203	01-01-0042	5248886	133	20503.46	0.52	
1196	204	01-01-0042	5282053	138	20633.02	0.54	
1197	204	01-01-0042	5283236	164	20637.64	0.64	
1198	204	01-01-0042	5285688	131	20647.22	0.51	
1199	204	01-01-0042	5286769	246	20651.44	0.96	
1200	204	01-01-0042	5295877	95	20687.02	0.37	
1201	204	01-01-0042	5301117	110	20707.49	0.43	
1202	204	01-01-0042	5302600	118	20713.28	0.46	
1203	205	01-01-0043	3444544	110	13455.25	0.43	
1204	207	01-01-0043	6976236	238	27250.92	0.93	
1205	207	01-01-0043	6996913	97	27331.69	0.38	
1206	208	01-01-0044	4455293	97	17403.49	0.38	
1207	208	01-01-0044	4459533	179	17420.05	0.7	
1208	208	01-01-0044	4466959	148	17449.06	0.58	
1209	209	01-01-0044	7306570	166	28541.29	0.65	
1210	210	01-01-0044	7939046	392	31011.9	1.53	
1211	210	01-01-0044	7948219	141	31047.73	0.55	
1212	211	01-01-0046	2060838	108	8050.15	0.42	
1213	211	01-01-0046	2061386	118	8052.29	0.46	
1214	211	01-01-0046	2064463	218	8064.31	0.85	
1215	211	01-01-0046	2068206	113	8078.93	0.44	
1216	211	01-01-0046	2069102	302	8082.43	1.18	
1217	211	01-01-0046	2070070	399	8086.21	1.56	
1218	211	01-01-0046	2070996	338	8089.83	1.32	
1219	211	01-01-0046	2071959	279	8093.59	1.09	
1220	211	01-01-0046	2072929	453	8097.38	1.77	
1221	211	01-01-0046	2073912	320	8101.22	1.25	
1222	211	01-01-0046	2074368	210	8103	0.82	
1223	211	01-01-0046	2075159	279	8106.09	1.09	
1224	211	01-01-0046	2076206	243	8110.18	0.95	
1225	211	01-01-0046	2078083	323	8117.51	1.26	
1226	211	01-01-0046	2079951	266	8124.81	1.04	
1227	211	01-01-0046	2082092	346	8133.17	1.35	
1228	211	01-01-0046	2083336	284	8138.03	1.11	
1229	211	01-01-0046	2084352	143	8142	0.56	
1230	211	01-01-0046	2085530	205	8146.6	0.8	
1231	211	01-01-0046	2086410	108	8150.04	0.42	
1232	213	01-01-0046	3880092	136	15156.61	0.53	
1233	213	01-01-0046	3880863	205	15159.62	0.8	
1234	213	01-01-0046	3885484	148	15177.67	0.58	
1235	213	01-01-0046	3886953	207	15183.41	0.81	
1236	213	01-01-0046	3889388	184	15192.92	0.72	
1237	213	01-01-0046	3890931	154	15198.95	0.6	
1238	213	01-01-0046	3893123	243	15207.51	0.95	
1239	213	01-01-0046	3893737	261	15209.91	1.02	
1240	213	01-01-0046	3903613	87	15248.49	0.34	
1241	214	01-01-0047	2480550	123	9689.65	0.48	
1242	214	01-01-0047	2482330	146	9696.6	0.57	
1243	214	01-01-0047	2483277	279	9700.3	1.09	
1244	214	01-01-0047	2487252	120	9715.83	0.47	
1245	214	01-01-0047	2493069	228	9738.55	0.89	
1246	214	01-01-0047	2494267	151	9743.23	0.59	
1247	215	01-01-0047	4964925	207	19394.24	0.81	
1248	215	01-01-0047	4965478	79	19396.4	0.31	
1249	215	01-01-0047	4966446	297	19400.18	1.16	
1250	215	01-01-0047	4967255	215	19403.34	0.84	
1251	215	01-01-0047	4971461	284	19419.77	1.11	
1252	215	01-01-0047	4972050	87	19422.07	0.34	
1253	215	01-01-0047	4972954	95	19425.6	0.37	
1254	215	01-01-0047	4973312	131	19427	0.51	
1255	215	01-01-0047	4973535	113	19427.87	0.44	
1256	215	01-01-0047	4977851	381	19444.73	1.49	
1257	215	01-01-0047	4979633	161	19451.69	0.63	
1258	215	01-01-0047	4987374	84	19481.93	0.33	
1259	215	01-01-0047	4989606	138	19490.65	0.54	
1260	215	01-01-0047	4990436	266	19493.89	1.04	
1261	216	01-01-0047	5408005	148	21125.02	0.58	
1262	216	01-01-0047	5423322	148	21184.85	0.58	
1263	216	01-01-0047	5424330	141	21188.79	0.55	
1264	216	01-01-0047	5432138	269	21219.29	1.05	
1265	217	01-01-0048	3514803	136	13729.7	0.53	
1266	217	01-01-0048	3517435	97	13739.98	0.38	
1267	217	01-01-0048	3526060	82	13773.67	0.32	
1268	217	01-01-0048	3532224	195	13797.75	0.76	
1269	218	01-01-0048	3586386	113	14009.32	0.44	
1270	218	01-01-0048	3588314	166	14016.85	0.65	
1271	219	01-01-0048	6351547	143	24810.73	0.56	
1272	220	01-01-0049	3808054	174	14875.21	0.68	
1273	220	01-01-0049	3810202	187	14883.6	0.73	
1274	221	01-01-0049	3837775	148	14991.31	0.58	
1275	221	01-01-0049	3840038	274	15000.15	1.07	
1276	221	01-01-0049	3847867	146	15030.73	0.57	
1277	221	01-01-0049	3848750	200	15034.18	0.78	
1278	221	01-01-0049	3849979	282	15038.98	1.1	
1279	221	01-01-0049	3851538	197	15045.07	0.77	
1280	222	01-01-0049	3899149	294	15231.05	1.15	
1281	222	01-01-0049	3905080	195	15254.22	0.76	
1282	222	01-01-0049	3918715	207	15307.48	0.81	
1283	222	01-01-0049	3919629	141	15311.05	0.55	
1284	223	01-01-0050	3124052	182	12203.33	0.71	
1285	223	01-01-0050	3125908	187	12210.58	0.73	
1286	224	01-01-0050	5629752	136	21991.22	0.53	
1287	224	01-01-0050	5630984	136	21996.03	0.53	
1288	224	01-01-0050	5632415	113	22001.62	0.44	
1289	224	01-01-0050	5632663	141	22002.59	0.55	
1290	224	01-01-0050	5649224	197	22067.28	0.77	
1291	224	01-01-0050	5649943	108	22070.09	0.42	
1292	224	01-01-0050	5653376	118	22083.5	0.46	
1293	227	01-01-0051	2040571	187	7970.98	0.73	
1294	227	01-01-0051	2041236	146	7973.58	0.57	
1295	227	01-01-0051	2042688	218	7979.25	0.85	
1296	227	01-01-0051	2046682	253	7994.85	0.99	
1297	227	01-01-0051	2048655	223	8002.56	0.87	
1298	227	01-01-0051	2054735	248	8026.31	0.97	
1299	227	01-01-0051	2065083	136	8066.73	0.53	
1300	229	01-01-0053	3151939	123	12312.26	0.48	
1301	229	01-01-0053	3161812	143	12350.83	0.56	
1302	229	01-01-0053	3163139	348	12356.01	1.36	
1303	229	01-01-0053	3164352	172	12360.75	0.67	
1304	229	01-01-0053	3169989	138	12382.77	0.54	
1305	230	01-01-0053	3621737	143	14147.41	0.56	
1306	230	01-01-0053	3641055	118	14222.87	0.46	
1307	231	01-01-0053	7784824	120	30409.47	0.47	
1308	231	01-01-0053	7786486	141	30415.96	0.55	
1309	231	01-01-0053	7788554	438	30424.04	1.71	
1310	231	01-01-0053	7789450	307	30427.54	1.2	
1311	231	01-01-0053	7790648	159	30432.22	0.62	
1312	231	01-01-0053	7798223	179	30461.81	0.7	
1313	232	01-01-0002	777490	141	3037.07	0.55	
1314	233	01-01-0002	2565394	128	10021.07	0.5	
1315	233	01-01-0002	2577336	120	10067.72	0.47	
1316	233	01-01-0002	2584893	187	10097.24	0.73	
1317	234	01-01-0002	5711629	174	22311.05	0.68	
1318	235	01-01-0003	3891092	200	15199.58	0.78	
1319	235	01-01-0003	3898125	151	15227.05	0.59	
1320	235	01-01-0003	3900273	172	15235.44	0.67	
1321	235	01-01-0003	3903040	197	15246.25	0.77	
1322	235	01-01-0003	3907643	141	15264.23	0.55	
1323	235	01-01-0003	3912259	125	15282.26	0.49	
1324	235	01-01-0003	3914235	200	15289.98	0.78	
1325	236	01-01-0003	5164518	82	20173.9	0.32	
1326	236	01-01-0003	5165466	131	20177.6	0.51	
1327	236	01-01-0003	5165801	120	20178.91	0.47	
1328	236	01-01-0003	5166909	200	20183.24	0.78	
1329	236	01-01-0003	5172595	125	20205.45	0.49	
1330	236	01-01-0003	5181926	192	20241.9	0.75	
1331	236	01-01-0003	5182705	164	20244.94	0.64	
1332	236	01-01-0003	5183060	105	20246.33	0.41	
1333	236	01-01-0003	5184305	205	20251.19	0.8	
1334	236	01-01-0003	5186056	200	20258.03	0.78	
1335	236	01-01-0003	5186747	133	20260.73	0.52	
1336	236	01-01-0003	5186985	143	20261.66	0.56	
1337	236	01-01-0003	5190211	125	20274.26	0.49	
1338	236	01-01-0003	5192415	154	20282.87	0.6	
1339	236	01-01-0003	5192658	136	20283.82	0.53	
1340	237	01-01-0003	5916690	253	23112.07	0.99	
1341	237	01-01-0003	5917565	148	23115.49	0.58	
1342	237	01-01-0003	5918720	131	23120	0.51	
1343	237	01-01-0003	5920783	131	23128.06	0.51	
1344	237	01-01-0003	5921380	197	23130.39	0.77	
1345	237	01-01-0003	5926579	187	23150.7	0.73	
1346	237	01-01-0003	5932219	353	23172.73	1.38	
1347	237	01-01-0003	5934669	136	23182.3	0.53	
1348	237	01-01-0003	5935199	172	23184.37	0.67	
1349	237	01-01-0003	5936187	115	23188.23	0.45	
1350	237	01-01-0003	5938035	128	23195.45	0.5	
1351	237	01-01-0003	5940449	166	23204.88	0.65	
1352	237	01-01-0003	5942147	236	23211.51	0.92	
1353	237	01-01-0003	5942833	259	23214.19	1.01	
1354	237	01-01-0003	5943752	154	23217.78	0.6	
1355	238	01-01-0004	1293852	154	5054.11	0.6	
1356	238	01-01-0004	1307453	120	5107.24	0.47	
1357	238	01-01-0004	1308247	151	5110.34	0.59	
1358	239	01-01-0004	3123507	123	12201.2	0.48	
1359	239	01-01-0004	3130381	325	12228.05	1.27	
1360	239	01-01-0004	3131264	177	12231.5	0.69	
1361	239	01-01-0004	3135800	172	12249.22	0.67	
1362	239	01-01-0004	3136596	187	12252.33	0.73	
1363	239	01-01-0004	3146952	243	12292.78	0.95	
1364	240	01-01-0004	3713741	169	14506.8	0.66	
1365	240	01-01-0004	3716884	120	14519.08	0.47	
1366	240	01-01-0004	3724070	143	14547.15	0.56	
1367	242	01-01-0005	1186644	154	4635.33	0.6	
1368	242	01-01-0005	1196244	138	4672.83	0.54	
1369	242	01-01-0005	1208333	133	4720.05	0.52	
1370	242	01-01-0005	1209180	123	4723.36	0.48	
1371	242	01-01-0005	1209592	507	4724.97	1.98	
1372	243	01-01-0005	1346657	118	5260.38	0.46	
1373	244	01-01-0006	3865633	187	15100.13	0.73	
1374	244	01-01-0006	3866977	95	15105.38	0.37	
1375	244	01-01-0006	3870044	156	15117.36	0.61	
1376	244	01-01-0006	3871222	212	15121.96	0.83	
1377	244	01-01-0006	3879857	335	15155.69	1.31	
1378	245	01-01-0006	4880189	305	19063.24	1.19	
1379	245	01-01-0006	4883028	197	19074.33	0.77	
1380	245	01-01-0006	4884058	236	19078.35	0.92	
1381	245	01-01-0006	4885855	420	19085.37	1.64	
1382	245	01-01-0006	4889728	159	19100.5	0.62	
1383	245	01-01-0006	4894065	159	19117.44	0.62	
1384	245	01-01-0006	4895852	238	19124.42	0.93	
1385	245	01-01-0006	4897692	435	19131.61	1.7	
1386	245	01-01-0006	4898627	443	19135.26	1.73	
1387	245	01-01-0006	4899610	323	19139.1	1.26	
1388	245	01-01-0006	4900314	228	19141.85	0.89	
1389	245	01-01-0006	4902554	276	19150.6	1.08	
1390	245	01-01-0006	4903583	279	19154.62	1.09	
1391	245	01-01-0006	4904719	218	19159.06	0.85	
1392	246	01-01-0006	4988541	161	19486.49	0.63	
1393	246	01-01-0006	4990536	125	19494.28	0.49	
1394	246	01-01-0006	4991462	197	19497.9	0.77	
1395	246	01-01-0006	4994125	300	19508.3	1.17	
1396	246	01-01-0006	5004979	189	19550.7	0.74	
1397	246	01-01-0006	5005650	202	19553.32	0.79	
1398	247	01-01-0052	3023276	230	11809.67	0.9	
1399	247	01-01-0052	3031588	143	11842.14	0.56	
1400	247	01-01-0052	3045036	243	11894.67	0.95	
1401	248	01-01-0052	4031386	182	15747.6	0.71	
1402	248	01-01-0052	4043190	138	15793.71	0.54	
1403	248	01-01-0052	4045304	184	15801.97	0.72	
1404	249	01-01-0052	5075799	131	19827.34	0.51	
1405	249	01-01-0052	5083543	148	19857.59	0.58	
1406	249	01-01-0052	5089856	143	19882.25	0.56	
1407	249	01-01-0052	5097106	151	19910.57	0.59	
1408	250	01-03-0001	1351173	92	5278.02	0.36	
1409	250	01-03-0001	1354627	151	5291.51	0.59	
1410	251	01-03-0001	3239828	120	12655.58	0.47	
1411	252	01-03-0001	6961239	100	27192.34	0.39	
1412	252	01-03-0001	6965834	192	27210.29	0.75	
1413	252	01-03-0001	6967496	146	27216.78	0.57	
1414	253	01-03-0002	438569	253	1713.16	0.99	
1415	253	01-03-0002	441196	228	1723.42	0.89	
1416	253	01-03-0002	444380	266	1735.86	1.04	
1417	253	01-03-0002	448817	120	1753.19	0.47	
1418	253	01-03-0002	449329	192	1755.19	0.75	
1419	253	01-03-0002	449938	223	1757.57	0.87	
1420	253	01-03-0002	450673	223	1760.44	0.87	
1421	253	01-03-0002	458737	125	1791.94	0.49	
1422	253	01-03-0002	459187	136	1793.7	0.53	
1423	253	01-03-0002	460803	166	1800.01	0.65	
1424	253	01-03-0002	462374	138	1806.15	0.54	
1425	253	01-03-0002	462628	136	1807.14	0.53	
1426	253	01-03-0002	462881	118	1808.13	0.46	
1427	253	01-03-0002	463150	151	1809.18	0.59	
1428	253	01-03-0002	463593	131	1810.91	0.51	
1429	253	01-03-0002	465009	131	1816.44	0.51	
1430	254	01-03-0002	6414188	113	25055.42	0.44	
1431	254	01-03-0002	6417784	100	25069.47	0.39	
1432	254	01-03-0002	6422241	276	25086.88	1.08	
1433	254	01-03-0002	6433436	223	25130.61	0.87	
1434	254	01-03-0002	6434450	146	25134.57	0.57	
1435	254	01-03-0002	6435827	361	25139.95	1.41	
1436	255	01-03-0002	7581399	330	29614.84	1.29	
1437	255	01-03-0002	7585633	614	29631.38	2.4	
1438	255	01-03-0002	7586655	195	29635.37	0.76	
1439	255	01-03-0002	7587866	159	29640.1	0.62	
1440	255	01-03-0002	7589317	136	29645.77	0.53	
1441	255	01-03-0002	7590295	261	29649.59	1.02	
1442	255	01-03-0002	7604219	169	29703.98	0.66	
1443	255	01-03-0002	7604913	125	29706.69	0.49	
1444	255	01-03-0002	7605309	335	29708.24	1.31	
1445	255	01-03-0002	7606170	535	29711.6	2.09	
1446	255	01-03-0002	7607124	530	29715.33	2.07	
1447	255	01-03-0002	7608753	125	29721.69	0.49	
1448	256	01-03-0006	2089149	161	8160.74	0.63	
1449	256	01-03-0006	2089905	102	8163.69	0.4	
1450	256	01-03-0006	2096051	233	8187.7	0.91	
1451	256	01-03-0006	2097132	156	8191.92	0.61	
1452	256	01-03-0006	2098460	161	8197.11	0.63	
1453	256	01-03-0006	2101568	138	8209.25	0.54	
1454	256	01-03-0006	2105853	146	8225.99	0.57	
1455	256	01-03-0006	2108631	195	8236.84	0.76	
1456	256	01-03-0006	2109806	205	8241.43	0.8	
1457	256	01-03-0006	2112596	371	8252.33	1.45	
1458	256	01-03-0006	2114877	207	8261.24	0.81	
1459	256	01-03-0006	2116562	161	8267.82	0.63	
1460	256	01-03-0006	2118031	136	8273.56	0.53	
1461	257	01-03-0006	3468826	195	13550.1	0.76	
1462	257	01-03-0006	3471644	192	13561.11	0.75	
1463	257	01-03-0006	3474831	123	13573.56	0.48	
1464	257	01-03-0006	3477161	274	13582.66	1.07	
1465	257	01-03-0006	3479987	212	13593.7	0.83	
1466	257	01-03-0006	3483282	148	13606.57	0.58	
1467	257	01-03-0006	3484288	123	13610.5	0.48	
1468	257	01-03-0006	3485501	159	13615.24	0.62	
1469	257	01-03-0006	3486208	192	13618	0.75	
1470	257	01-03-0006	3486986	343	13621.04	1.34	
1471	257	01-03-0006	3488300	141	13626.17	0.55	
1472	257	01-03-0006	3497211	205	13660.98	0.8	
1473	258	01-03-0006	3641114	143	14223.1	0.56	
1474	258	01-03-0006	3642954	195	14230.29	0.76	
1475	258	01-03-0006	3648599	261	14252.34	1.02	
1476	258	01-03-0006	3650732	335	14260.67	1.31	
1477	258	01-03-0006	3653117	136	14269.99	0.53	
1478	258	01-03-0006	3653494	131	14271.46	0.51	
1479	258	01-03-0006	3653944	346	14273.22	1.35	
1480	258	01-03-0006	3658365	138	14290.49	0.54	
1481	258	01-03-0006	3663854	110	14311.93	0.43	
1482	258	01-03-0006	3664607	174	14314.87	0.68	
1483	258	01-03-0006	3664947	200	14316.2	0.78	
1484	258	01-03-0006	3665539	154	14318.51	0.6	
1485	259	01-03-0009	4168381	120	16282.74	0.47	
1486	259	01-03-0009	4171671	136	16295.59	0.53	
1487	259	01-03-0009	4173768	133	16303.78	0.52	
1488	259	01-03-0009	4184893	128	16347.24	0.5	
1489	260	01-03-0009	4488988	148	17535.11	0.58	
1490	260	01-03-0009	4489746	182	17538.07	0.71	
1491	260	01-03-0009	4490609	125	17541.44	0.49	
1492	260	01-03-0009	4493883	84	17554.23	0.33	
1493	260	01-03-0009	4503716	102	17592.64	0.4	
1494	260	01-03-0009	4504108	148	17594.17	0.58	
1495	260	01-03-0009	4508037	154	17609.52	0.6	
1496	260	01-03-0009	4512154	215	17625.6	0.84	
1497	260	01-03-0009	4513052	148	17629.11	0.58	
1498	261	01-03-0009	6658977	182	26011.63	0.71	
1499	261	01-03-0009	6663199	166	26028.12	0.65	
1500	261	01-03-0009	6664243	136	26032.2	0.53	
1501	261	01-03-0009	6664748	205	26034.17	0.8	
1502	262	01-03-0012	1780398	113	6954.68	0.44	
1503	262	01-03-0012	1782802	133	6964.07	0.52	
1504	262	01-03-0012	1786284	172	6977.67	0.67	
1505	262	01-03-0012	1793956	151	7007.64	0.59	
1506	262	01-03-0012	1795779	161	7014.76	0.63	
1507	262	01-03-0012	1797010	97	7019.57	0.38	
1508	262	01-03-0012	1800607	317	7033.62	1.24	
1509	263	01-03-0012	4803062	253	18761.96	0.99	
1510	263	01-03-0012	4803919	92	18765.31	0.36	
1511	263	01-03-0012	4812664	174	18799.47	0.68	
1512	263	01-03-0012	4816748	90	18815.42	0.35	
1513	263	01-03-0012	4817830	141	18819.65	0.55	
1514	263	01-03-0012	4819538	108	18826.32	0.42	
1515	263	01-03-0012	4822093	233	18836.3	0.91	
1516	263	01-03-0012	4824079	233	18844.06	0.91	
1517	263	01-03-0012	4826944	220	18855.25	0.86	
1518	263	01-03-0012	4828076	223	18859.67	0.87	
1519	264	01-03-0012	4857997	154	18976.55	0.6	
1520	264	01-03-0012	4858593	279	18978.88	1.09	
1521	264	01-03-0012	4861043	207	18988.45	0.81	
1522	264	01-03-0012	4863736	182	18998.97	0.71	
1523	264	01-03-0012	4864515	243	19002.01	0.95	
1524	264	01-03-0012	4866007	253	19007.84	0.99	
1525	264	01-03-0012	4869962	82	19023.29	0.32	
1526	264	01-03-0012	4870894	384	19026.93	1.5	
1527	264	01-03-0012	4871698	141	19030.07	0.55	
1528	264	01-03-0012	4873160	102	19035.78	0.4	
1529	264	01-03-0012	4873889	251	19038.63	0.98	
1530	264	01-03-0012	4874724	369	19041.89	1.44	
1531	264	01-03-0012	4880422	312	19064.15	1.22	
1532	265	01-03-0013	3132956	141	12238.11	0.55	
1533	266	01-03-0013	4679987	159	18281.2	0.62	
1534	266	01-03-0013	4682417	187	18290.69	0.73	
1535	267	01-03-0013	4871532	225	19029.42	0.88	
1536	267	01-03-0013	4883064	136	19074.47	0.53	
1537	267	01-03-0013	4887247	200	19090.81	0.78	
1538	268	01-03-0014	446290	141	1743.32	0.55	
1539	268	01-03-0014	448033	212	1750.13	0.83	
1540	268	01-03-0014	449231	105	1754.81	0.41	
1541	268	01-03-0014	451715	192	1764.51	0.75	
1542	268	01-03-0014	459889	177	1796.44	0.69	
1543	268	01-03-0014	462390	156	1806.21	0.61	
1544	268	01-03-0014	464517	125	1814.52	0.49	
1545	268	01-03-0014	464881	159	1815.94	0.62	
1546	268	01-03-0014	469197	264	1832.8	1.03	
1547	268	01-03-0014	472924	174	1847.36	0.68	
1548	269	01-03-0014	2854011	218	11148.48	0.85	
1549	269	01-03-0014	2857636	264	11162.64	1.03	
1550	269	01-03-0014	2858985	218	11167.91	0.85	
1551	269	01-03-0014	2859653	328	11170.52	1.28	
1552	269	01-03-0014	2860872	315	11175.28	1.23	
1553	269	01-03-0014	2863086	348	11183.93	1.36	
1554	269	01-03-0014	2867026	256	11199.32	1	
1555	270	01-03-0014	7061458	417	27583.82	1.63	
1556	270	01-03-0014	7071401	248	27622.66	0.97	
1557	270	01-03-0014	7073052	159	27629.11	0.62	
1558	270	01-03-0014	7074473	251	27634.66	0.98	
1559	270	01-03-0014	7075515	266	27638.73	1.04	
1560	270	01-03-0014	7076567	358	27642.84	1.4	
1561	270	01-03-0014	7077924	323	27648.14	1.26	
1562	271	01-03-0016	6361416	141	24849.28	0.55	
1563	271	01-03-0016	6362068	120	24851.83	0.47	
1564	273	01-03-0016	7270126	320	28398.93	1.25	
1565	274	01-03-0017	424630	172	1658.71	0.67	
1566	274	01-03-0017	430508	138	1681.67	0.54	
1567	274	01-03-0017	435602	143	1701.57	0.56	
1568	275	01-03-0017	1708728	197	6674.72	0.77	
1569	275	01-03-0017	1717780	131	6710.08	0.51	
1570	275	01-03-0017	1718715	279	6713.73	1.09	
1571	275	01-03-0017	1722071	284	6726.84	1.11	
1572	275	01-03-0017	1722931	261	6730.2	1.02	
1573	276	01-03-0017	2705930	189	10570.04	0.74	
1574	276	01-03-0017	2720138	184	10625.54	0.72	
1575	276	01-03-0017	2723914	161	10640.29	0.63	
1576	276	01-03-0017	2726118	187	10648.9	0.73	
1577	276	01-03-0017	2727892	369	10655.83	1.44	
1578	276	01-03-0017	2729457	351	10661.94	1.37	
1579	276	01-03-0017	2731251	320	10668.95	1.25	
1580	276	01-03-0017	2732695	287	10674.59	1.12	
1581	277	01-03-0018	1909880	159	7460.47	0.62	
1582	277	01-03-0018	1915226	102	7481.35	0.4	
1583	278	01-03-0018	5341972	317	20867.08	1.24	
1584	278	01-03-0018	5348140	177	20891.17	0.69	
1585	278	01-03-0018	5350047	95	20898.62	0.37	
1586	278	01-03-0018	5350666	251	20901.04	0.98	
1587	278	01-03-0018	5355146	128	20918.54	0.5	
1588	280	01-03-0019	704704	110	2752.75	0.43	
1589	281	01-03-0019	3594860	100	14042.42	0.39	
1590	283	01-03-0024	3974956	159	15527.17	0.62	
1591	283	01-03-0024	3982728	166	15557.53	0.65	
1592	284	01-03-0024	4890790	535	19104.65	2.09	
1593	284	01-03-0024	4897618	77	19131.32	0.3	
1594	284	01-03-0024	4903101	177	19152.74	0.69	
1595	286	01-03-0026	2878380	184	11243.67	0.72	
1596	286	01-03-0026	2883343	182	11263.06	0.71	
1597	286	01-03-0026	2891384	133	11294.47	0.52	
1598	286	01-03-0026	2895933	259	11312.24	1.01	
1599	286	01-03-0026	2897454	82	11318.18	0.32	
1600	286	01-03-0026	2899569	131	11326.44	0.51	
1601	286	01-03-0026	2902991	123	11339.81	0.48	
1602	287	01-03-0026	5568950	92	21753.71	0.36	
1603	287	01-03-0026	5569587	210	21756.2	0.82	
1604	287	01-03-0026	5570240	105	21758.75	0.41	
1605	287	01-03-0026	5571197	294	21762.49	1.15	
1606	287	01-03-0026	5572288	207	21766.75	0.81	
1607	287	01-03-0026	5573133	84	21770.05	0.33	
1608	287	01-03-0026	5582789	189	21807.77	0.74	
1609	287	01-03-0026	5583667	154	21811.2	0.6	
1610	287	01-03-0026	5584845	202	21815.8	0.79	
1611	287	01-03-0026	5585859	300	21819.76	1.17	
1612	287	01-03-0026	5586785	320	21823.38	1.25	
1613	287	01-03-0026	5588191	461	21828.87	1.8	
1614	287	01-03-0026	5591268	131	21840.89	0.51	
1615	287	01-03-0026	5591432	164	21841.53	0.64	
1616	287	01-03-0026	5592276	241	21844.83	0.94	
1617	287	01-03-0026	5593060	238	21847.89	0.93	
1618	287	01-03-0026	5593418	212	21849.29	0.83	
1619	288	01-03-0026	6598065	225	25773.69	0.88	
1620	288	01-03-0026	6598792	143	25776.53	0.56	
1621	288	01-03-0026	6616179	154	25844.45	0.6	
1622	289	01-03-0027	177754	172	694.35	0.67	
1623	289	01-03-0027	191017	215	746.16	0.84	
1624	289	01-03-0027	196616	151	768.03	0.59	
1625	289	01-03-0027	204316	154	798.11	0.6	
1626	289	01-03-0027	205286	172	801.9	0.67	
1627	292	01-03-0028	4285650	210	16740.82	0.82	
1628	292	01-03-0028	4287153	87	16746.69	0.34	
1629	292	01-03-0028	4288243	97	16750.95	0.38	
1630	292	01-03-0028	4290944	192	16761.5	0.75	
1631	292	01-03-0028	4292634	136	16768.1	0.53	
1632	292	01-03-0028	4294449	138	16775.19	0.54	
1633	292	01-03-0028	4296397	297	16782.8	1.16	
1634	292	01-03-0028	4298314	269	16790.29	1.05	
1635	292	01-03-0028	4300442	256	16798.6	1	
1636	292	01-03-0028	4301668	169	16803.39	0.66	
1637	292	01-03-0028	4302669	172	16807.3	0.67	
1638	292	01-03-0028	4304077	141	16812.8	0.55	
1639	292	01-03-0028	4308083	166	16828.45	0.65	
1640	292	01-03-0028	4310019	141	16836.01	0.55	
1641	292	01-03-0028	4311657	156	16842.41	0.61	
1642	292	01-03-0028	4313024	143	16847.75	0.56	
1643	292	01-03-0028	4313457	223	16849.44	0.87	
1644	293	01-03-0028	4477530	205	17490.35	0.8	
1645	293	01-03-0028	4478185	397	17492.91	1.55	
1646	293	01-03-0028	4479744	266	17499	1.04	
1647	293	01-03-0028	4480699	102	17502.73	0.4	
1648	293	01-03-0028	4482296	169	17508.97	0.66	
1649	293	01-03-0028	4483123	241	17512.2	0.94	
1650	293	01-03-0028	4483676	146	17514.36	0.57	
1651	293	01-03-0028	4487634	195	17529.82	0.76	
1652	293	01-03-0028	4493279	118	17551.87	0.46	
1653	293	01-03-0028	4494618	192	17557.1	0.75	
1654	293	01-03-0028	4495227	302	17559.48	1.18	
1655	293	01-03-0028	4498578	113	17572.57	0.44	
1656	293	01-03-0028	4499220	195	17575.08	0.76	
1657	293	01-03-0028	4501788	300	17585.11	1.17	
1658	293	01-03-0028	4502648	156	17588.47	0.61	
1659	294	01-03-0028	6487247	108	25340.81	0.42	
1660	294	01-03-0028	6488220	79	25344.61	0.31	
1661	294	01-03-0028	6488978	223	25347.57	0.87	
1662	294	01-03-0028	6493793	284	25366.38	1.11	
1663	294	01-03-0028	6501857	220	25397.88	0.86	
1664	294	01-03-0028	6502546	251	25400.57	0.98	
1665	295	01-03-0029	4994675	223	19510.45	0.87	
1666	295	01-03-0029	4997473	161	19521.38	0.63	
1667	295	01-03-0029	4999204	92	19528.14	0.36	
1668	295	01-03-0029	5016038	100	19593.9	0.39	
1669	295	01-03-0029	5017349	159	19599.02	0.62	
1670	296	01-03-0029	5030551	251	19650.59	0.98	
1671	296	01-03-0029	5032919	102	19659.84	0.4	
1672	296	01-03-0029	5037202	212	19676.57	0.83	
1673	296	01-03-0029	5038152	151	19680.28	0.59	
1674	296	01-03-0029	5039419	228	19685.23	0.89	
1675	296	01-03-0029	5047542	169	19716.96	0.66	
1676	296	01-03-0029	5047913	143	19718.41	0.56	
1677	296	01-03-0029	5049132	128	19723.17	0.5	
1678	296	01-03-0029	5052567	110	19736.59	0.43	
1679	296	01-03-0029	5058209	95	19758.63	0.37	
1680	297	01-03-0029	6742149	159	26336.52	0.62	
1681	297	01-03-0029	6744305	169	26344.94	0.66	
1682	297	01-03-0029	6752960	207	26378.75	0.81	
1683	298	01-03-0030	1060664	159	4143.22	0.62	
1684	298	01-03-0030	1061604	297	4146.89	1.16	
1685	298	01-03-0030	1061978	251	4148.35	0.98	
1686	298	01-03-0030	1062451	225	4150.2	0.88	
1687	298	01-03-0030	1073971	225	4195.2	0.88	
1688	298	01-03-0030	1075571	220	4201.45	0.86	
1689	298	01-03-0030	1087073	131	4246.38	0.51	
1690	298	01-03-0030	1087749	141	4249.02	0.55	
1691	299	01-03-0030	4569344	287	17849	1.12	
1692	299	01-03-0030	4572017	151	17859.44	0.59	
1693	299	01-03-0030	4575511	146	17873.09	0.57	
1694	299	01-03-0030	4576607	182	17877.37	0.71	
1695	299	01-03-0030	4576922	212	17878.6	0.83	
1696	299	01-03-0030	4578947	256	17886.51	1	
1697	299	01-03-0030	4579896	192	17890.22	0.75	
1698	299	01-03-0030	4589844	136	17929.08	0.53	
1699	299	01-03-0030	4593080	141	17941.72	0.55	
1700	299	01-03-0030	4594220	151	17946.17	0.59	
1701	300	01-03-0030	6028792	108	23549.97	0.42	
1702	300	01-03-0030	6029640	138	23553.28	0.54	
1703	300	01-03-0030	6030866	223	23558.07	0.87	
1704	300	01-03-0030	6037885	161	23585.49	0.63	
1705	300	01-03-0030	6038761	128	23588.91	0.5	
1706	300	01-03-0030	6044009	125	23609.41	0.49	
1707	300	01-03-0030	6047153	133	23621.69	0.52	
1708	300	01-03-0030	6048955	123	23628.73	0.48	
1709	300	01-03-0030	6049700	197	23631.64	0.77	
1710	300	01-03-0030	6050043	177	23632.98	0.69	
1711	300	01-03-0030	6050470	141	23634.65	0.55	
1712	300	01-03-0030	6053939	154	23648.2	0.6	
1713	301	01-03-0031	811456	215	3169.75	0.84	
1714	301	01-03-0031	815601	259	3185.94	1.01	
1715	301	01-03-0031	822310	228	3212.15	0.89	
1716	301	01-03-0031	822682	133	3213.6	0.52	
1717	303	01-03-0031	5955579	195	23263.98	0.76	
1718	303	01-03-0031	5967027	389	23308.7	1.52	
1719	304	01-03-0032	1461676	228	5709.67	0.89	
1720	305	01-03-0032	3916480	256	15298.75	1	
1721	305	01-03-0032	3918671	389	15307.31	1.52	
1722	305	01-03-0032	3924352	177	15329.5	0.69	
1723	305	01-03-0032	3925420	261	15333.67	1.02	
1724	305	01-03-0032	3932321	287	15360.63	1.12	
1725	305	01-03-0032	3936463	256	15376.81	1	
1726	305	01-03-0032	3938947	328	15386.51	1.28	
1727	305	01-03-0032	3940403	113	15392.2	0.44	
1728	306	01-03-0032	6715366	82	26231.9	0.32	
1729	306	01-03-0032	6726290	108	26274.57	0.42	
1730	306	01-03-0032	6735869	205	26311.99	0.8	
1731	306	01-03-0032	6737562	110	26318.6	0.43	
1732	307	01-03-0036	2814925	282	10995.8	1.1	
1733	307	01-03-0036	2817446	97	11005.65	0.38	
1734	307	01-03-0036	2818737	346	11010.69	1.35	
1735	307	01-03-0036	2827592	102	11045.28	0.4	
1736	307	01-03-0036	2828160	146	11047.5	0.57	
1737	307	01-03-0036	2828849	282	11050.19	1.1	
1738	307	01-03-0036	2831798	156	11061.71	0.61	
1739	307	01-03-0036	2833065	115	11066.66	0.45	
1740	308	01-03-0036	2899200	228	11325	0.89	
1741	308	01-03-0036	2900234	143	11329.04	0.56	
1742	308	01-03-0036	2902349	187	11337.3	0.73	
1743	308	01-03-0036	2903974	343	11343.65	1.34	
1744	308	01-03-0036	2906798	189	11354.68	0.74	
1745	308	01-03-0036	2923133	113	11418.49	0.44	
1746	310	01-03-0037	478477	238	1869.05	0.93	
1747	310	01-03-0037	479406	225	1872.68	0.88	
1748	310	01-03-0037	480832	148	1878.25	0.58	
1749	310	01-03-0037	482783	92	1885.87	0.36	
1750	310	01-03-0037	486973	143	1902.24	0.56	
1751	310	01-03-0037	492690	289	1924.57	1.13	
1752	310	01-03-0037	493532	95	1927.86	0.37	
1753	310	01-03-0037	495951	120	1937.31	0.47	
1754	310	01-03-0037	497828	164	1944.64	0.64	
1755	310	01-03-0037	498947	164	1949.01	0.64	
1756	311	01-03-0037	605926	118	2366.9	0.46	
1757	311	01-03-0037	611525	215	2388.77	0.84	
1758	311	01-03-0037	626225	87	2446.19	0.34	
1759	311	01-03-0037	628452	159	2454.89	0.62	
1760	311	01-03-0037	630413	131	2462.55	0.51	
1761	312	01-03-0037	4654195	90	18180.45	0.35	
1762	312	01-03-0037	4661292	174	18208.17	0.68	
1763	312	01-03-0037	4666220	159	18227.42	0.62	
1764	312	01-03-0037	4666811	136	18229.73	0.53	
1765	312	01-03-0037	4667287	120	18231.59	0.47	
1766	312	01-03-0037	4675589	279	18264.02	1.09	
1767	312	01-03-0037	4676739	225	18268.51	0.88	
1768	312	01-03-0037	4677204	115	18270.33	0.45	
1769	312	01-03-0037	4679396	200	18278.89	0.78	
1770	313	01-03-0038	310648	182	1213.47	0.71	
1771	313	01-03-0038	317066	161	1238.54	0.63	
1772	313	01-03-0038	319872	148	1249.5	0.58	
1773	313	01-03-0038	321812	166	1257.08	0.65	
1774	313	01-03-0038	322698	256	1260.54	1	
1775	313	01-03-0038	323279	246	1262.81	0.96	
1776	313	01-03-0038	325752	287	1272.47	1.12	
1777	313	01-03-0038	327201	177	1278.13	0.69	
1778	313	01-03-0038	329211	251	1285.98	0.98	
1779	314	01-03-0038	4249830	100	16600.9	0.39	
1780	314	01-03-0038	4258742	123	16635.71	0.48	
1781	314	01-03-0038	4260257	164	16641.63	0.64	
1782	315	01-03-0038	6914959	115	27011.56	0.45	
1783	315	01-03-0038	6922309	105	27040.27	0.41	
1784	315	01-03-0038	6929940	148	27070.08	0.58	
1785	315	01-03-0038	6933148	172	27082.61	0.67	
1786	315	01-03-0038	6934044	276	27086.11	1.08	
1787	316	01-03-0039	5156795	212	20143.73	0.83	
1788	316	01-03-0039	5162378	128	20165.54	0.5	
1789	316	01-03-0039	5164244	141	20172.83	0.55	
1790	316	01-03-0039	5166228	151	20180.58	0.59	
1791	316	01-03-0039	5169636	90	20193.89	0.35	
1792	316	01-03-0039	5172316	125	20204.36	0.49	
1793	316	01-03-0039	5179704	161	20233.22	0.63	
1794	317	01-03-0039	5423217	164	21184.44	0.64	
1795	317	01-03-0039	5425347	251	21192.76	0.98	
1796	317	01-03-0039	5426245	259	21196.27	1.01	
1797	317	01-03-0039	5427633	246	21201.69	0.96	
1798	317	01-03-0039	5428019	297	21203.2	1.16	
1799	317	01-03-0039	5428506	118	21205.1	0.46	
1800	317	01-03-0039	5429097	256	21207.41	1	
1801	317	01-03-0039	5429804	346	21210.17	1.35	
1802	317	01-03-0039	5431880	120	21218.28	0.47	
1803	317	01-03-0039	5433705	259	21225.41	1.01	
1804	317	01-03-0039	5434829	317	21229.8	1.24	
1805	317	01-03-0039	5435899	148	21233.98	0.58	
1806	317	01-03-0039	5436114	141	21234.82	0.55	
1807	317	01-03-0039	5437335	356	21239.59	1.39	
1808	317	01-03-0039	5438922	133	21245.79	0.52	
1809	317	01-03-0039	5439278	141	21247.18	0.55	
1810	317	01-03-0039	5442465	131	21259.63	0.51	
1811	317	01-03-0039	5445407	261	21271.12	1.02	
1812	317	01-03-0039	5446420	333	21275.08	1.3	
1813	317	01-03-0039	5448108	302	21281.67	1.18	
1814	317	01-03-0039	5449091	228	21285.51	0.89	
1815	317	01-03-0039	5449651	156	21287.7	0.61	
1816	318	01-03-0039	5501868	172	21491.67	0.67	
1817	318	01-03-0039	5502748	133	21495.11	0.52	
1818	318	01-03-0039	5503063	225	21496.34	0.88	
1819	318	01-03-0039	5503378	348	21497.57	1.36	
1820	318	01-03-0039	5503790	282	21499.18	1.1	
1821	318	01-03-0039	5517102	307	21551.18	1.2	
1822	318	01-03-0039	5522662	202	21572.9	0.79	
1823	318	01-03-0039	5523628	264	21576.67	1.03	
1824	318	01-03-0039	5524163	333	21578.76	1.3	
1825	319	01-03-0051	2237914	159	8741.85	0.62	
1826	319	01-03-0051	2238518	115	8744.21	0.45	
1827	319	01-03-0051	2239939	123	8749.76	0.48	
1828	319	01-03-0051	2240535	146	8752.09	0.57	
1829	319	01-03-0051	2248507	202	8783.23	0.79	
1830	319	01-03-0051	2249572	151	8787.39	0.59	
1831	319	01-03-0051	2250337	161	8790.38	0.63	
1832	319	01-03-0051	2252644	146	8799.39	0.57	
1833	319	01-03-0051	2255572	177	8810.83	0.69	
1834	320	01-03-0051	4444608	136	17361.75	0.53	
1835	320	01-03-0051	4445197	243	17364.05	0.95	
1836	320	01-03-0051	4449864	269	17382.28	1.05	
1837	320	01-03-0051	4451338	207	17388.04	0.81	
1838	320	01-03-0051	4452969	108	17394.41	0.42	
1839	320	01-03-0051	4453893	172	17398.02	0.67	
1840	320	01-03-0051	4456105	269	17406.66	1.05	
1841	320	01-03-0051	4463122	151	17434.07	0.59	
1842	320	01-03-0051	4463698	200	17436.32	0.78	
1843	320	01-03-0051	4464348	264	17438.86	1.03	
1844	320	01-03-0051	4465946	148	17445.1	0.58	
1845	320	01-03-0051	4467405	340	17450.8	1.33	
1846	320	01-03-0051	4468273	233	17454.19	0.91	
1847	320	01-03-0051	4468961	192	17456.88	0.75	
1848	320	01-03-0051	4469632	371	17459.5	1.45	
1849	320	01-03-0051	4470733	154	17463.8	0.6	
1850	320	01-03-0051	4471393	384	17466.38	1.5	
1851	320	01-03-0051	4472300	253	17469.92	0.99	
1852	321	01-03-0051	5502874	202	21495.6	0.79	
1853	321	01-03-0051	5509371	228	21520.98	0.89	
1854	321	01-03-0051	5511483	179	21529.23	0.7	
1855	321	01-03-0051	5511959	97	21531.09	0.38	
1856	321	01-03-0051	5512092	187	21531.61	0.73	
1857	321	01-03-0051	5513475	192	21537.01	0.75	
1858	321	01-03-0051	5516977	197	21550.69	0.77	
1859	321	01-03-0051	5517637	166	21553.27	0.65	
1860	321	01-03-0051	5519923	404	21562.2	1.58	
1861	321	01-03-0051	5521021	113	21566.49	0.44	
1862	322	01-03-0053	5340598	228	20861.71	0.89	
1863	322	01-03-0053	5341361	172	20864.69	0.67	
1864	322	01-03-0053	5352499	215	20908.2	0.84	
1865	322	01-03-0053	5353262	238	20911.18	0.93	
1866	322	01-03-0053	5353830	187	20913.4	0.73	
1867	322	01-03-0053	5356605	251	20924.24	0.98	
1868	322	01-03-0053	5357624	225	20928.22	0.88	
1869	323	01-03-0053	5772728	328	22549.72	1.28	
1870	323	01-03-0053	5773414	166	22552.4	0.65	
1871	323	01-03-0053	5774610	387	22557.07	1.51	
1872	323	01-03-0053	5777418	369	22568.04	1.44	
1873	323	01-03-0053	5781642	177	22584.54	0.69	
1874	323	01-03-0053	5783222	297	22590.71	1.16	
1875	323	01-03-0053	5784550	351	22595.9	1.37	
1876	323	01-03-0053	5789350	182	22614.65	0.71	
1877	323	01-03-0053	5790382	151	22618.68	0.59	
1878	323	01-03-0053	5793661	358	22631.49	1.4	
1879	323	01-03-0053	5794532	310	22634.89	1.21	
1880	324	01-03-0053	7464543	202	29158.37	0.79	
1881	324	01-03-0053	7483469	187	29232.3	0.73	
1882	324	01-03-0053	7483712	230	29233.25	0.9	
1883	324	01-03-0053	7484288	614	29235.5	2.4	
1884	324	01-03-0053	7488643	143	29252.51	0.56	
1885	325	01-03-0056	3302950	259	12902.15	1.01	
1886	325	01-03-0056	3315638	118	12951.71	0.46	
1887	325	01-03-0056	3320110	182	12969.18	0.71	
1888	325	01-03-0056	3322350	136	12977.93	0.53	
1889	325	01-03-0056	3323325	195	12981.74	0.76	
1890	325	01-03-0056	3324224	192	12985.25	0.75	
1891	325	01-03-0056	3329211	192	13004.73	0.75	
1892	325	01-03-0056	3330007	177	13007.84	0.69	
1893	325	01-03-0056	3330245	82	13008.77	0.32	
1894	326	01-03-0056	3546107	233	13851.98	0.91	
1895	326	01-03-0056	3547092	310	13855.83	1.21	
1896	326	01-03-0056	3552412	187	13876.61	0.73	
1897	326	01-03-0056	3554972	151	13886.61	0.59	
1898	326	01-03-0056	3556754	120	13893.57	0.47	
1899	326	01-03-0056	3559951	253	13906.06	0.99	
1900	326	01-03-0056	3562918	253	13917.65	0.99	
1901	326	01-03-0056	3566259	192	13930.7	0.75	
1902	326	01-03-0056	3566874	164	13933.1	0.64	
1903	326	01-03-0056	3569009	174	13941.44	0.68	
1904	326	01-03-0056	3569964	148	13945.17	0.58	
1905	327	01-03-0056	6600330	279	25782.54	1.09	
1906	327	01-03-0056	6603297	108	25794.13	0.42	
1907	327	01-03-0056	6605763	184	25803.76	0.72	
1908	327	01-03-0056	6607503	182	25810.56	0.71	
1909	327	01-03-0056	6618711	166	25854.34	0.65	
1910	328	01-03-0058	1631788	131	6374.17	0.51	
1911	328	01-03-0058	1633618	164	6381.32	0.64	
1912	331	01-03-0060	3442565	82	13447.52	0.32	
1913	331	01-03-0060	3443364	182	13450.64	0.71	
1914	331	01-03-0060	3452265	125	13485.41	0.49	
1915	331	01-03-0060	3454167	131	13492.84	0.51	
1916	332	01-03-0060	5908959	90	23081.87	0.35	
1917	332	01-03-0060	5919309	108	23122.3	0.42	
1918	333	01-03-0060	6004493	92	23455.05	0.36	
1919	334	01-03-0061	796273	246	3110.44	0.96	
1920	334	01-03-0061	798444	532	3118.92	2.08	
1921	334	01-03-0061	799393	136	3122.63	0.53	
1922	334	01-03-0061	799626	384	3123.54	1.5	
1923	334	01-03-0061	800945	294	3128.69	1.15	
1924	334	01-03-0061	804454	325	3142.4	1.27	
1925	334	01-03-0061	806305	200	3149.63	0.78	
1926	334	01-03-0061	806597	125	3150.77	0.49	
1927	334	01-03-0061	807263	200	3153.37	0.78	
1928	334	01-03-0061	807992	330	3156.22	1.29	
1929	334	01-03-0061	812106	195	3172.29	0.76	
1930	334	01-03-0061	812567	146	3174.09	0.57	
1931	334	01-03-0061	815009	274	3183.63	1.07	
1932	334	01-03-0061	816090	300	3187.85	1.17	
1933	334	01-03-0061	816927	243	3191.12	0.95	
1934	334	01-03-0061	817815	438	3194.59	1.71	
1935	334	01-03-0061	819128	115	3199.72	0.45	
1936	334	01-03-0061	819886	202	3202.68	0.79	
1937	334	01-03-0061	820293	202	3204.27	0.79	
1938	334	01-03-0061	821202	172	3207.82	0.67	
1939	334	01-03-0061	823319	205	3216.09	0.8	
1940	334	01-03-0061	824404	238	3220.33	0.93	
1941	335	01-03-0061	3022308	233	11805.89	0.91	
1942	335	01-03-0061	3024507	328	11814.48	1.28	
1943	335	01-03-0061	3027323	156	11825.48	0.61	
1944	335	01-03-0061	3029755	248	11834.98	0.97	
1945	335	01-03-0061	3031480	325	11841.72	1.27	
1946	335	01-03-0061	3032323	220	11845.01	0.86	
1947	335	01-03-0061	3034583	184	11853.84	0.72	
1948	335	01-03-0061	3035914	348	11859.04	1.36	
1949	335	01-03-0061	3037176	179	11863.97	0.7	
1950	335	01-03-0061	3040584	113	11877.28	0.44	
1951	335	01-03-0061	3043643	264	11889.23	1.03	
1952	335	01-03-0061	3047276	187	11903.42	0.73	
1953	335	01-03-0061	3048571	207	11908.48	0.81	
1954	335	01-03-0061	3049738	187	11913.04	0.73	
1955	336	01-03-0061	4449961	264	17382.66	1.03	
1956	336	01-03-0061	4453222	310	17395.4	1.21	
1957	336	01-03-0061	4454024	166	17398.53	0.65	
1958	336	01-03-0061	4455247	218	17403.31	0.85	
1959	336	01-03-0061	4455939	136	17406.01	0.53	
1960	336	01-03-0061	4457825	228	17413.38	0.89	
1961	336	01-03-0061	4461576	156	17428.03	0.61	
1962	336	01-03-0061	4462479	233	17431.56	0.91	
1963	336	01-03-0061	4463455	369	17435.37	1.44	
1964	336	01-03-0061	4464161	131	17438.13	0.51	
1965	336	01-03-0061	4467451	133	17450.98	0.52	
1966	336	01-03-0061	4467766	215	17452.21	0.84	
1967	336	01-03-0061	4470441	133	17462.66	0.52	
1968	336	01-03-0061	4472814	90	17471.93	0.35	
1969	336	01-03-0061	4472952	174	17472.47	0.68	
1970	336	01-03-0061	4474227	243	17477.45	0.95	
1971	339	01-03-0062	5194345	125	20290.41	0.49	
1972	340	01-03-0063	757921	90	2960.63	0.35	
1973	340	01-03-0063	769137	120	3004.44	0.47	
1974	340	01-03-0063	773914	146	3023.1	0.57	
1975	341	01-03-0063	3273075	166	12785.45	0.65	
1976	341	01-03-0063	3275625	108	12795.41	0.42	
1977	341	01-03-0063	3277617	105	12803.19	0.41	
1978	341	01-03-0063	3278738	197	12807.57	0.77	
1979	341	01-03-0063	3280284	141	12813.61	0.55	
1980	341	01-03-0063	3281380	172	12817.89	0.67	
1981	342	01-03-0063	3906834	317	15261.07	1.24	
1982	342	01-03-0063	3918013	256	15304.74	1	
1983	342	01-03-0063	3924521	284	15330.16	1.11	
1984	342	01-03-0063	3925765	573	15335.02	2.24	
1985	342	01-03-0063	3927437	259	15341.55	1.01	
1986	342	01-03-0063	3928054	571	15343.96	2.23	
1987	342	01-03-0063	3929613	248	15350.05	0.97	
1988	343	01-03-0064	1589463	195	6208.84	0.76	
1989	343	01-03-0064	1593436	87	6224.36	0.34	
1990	343	01-03-0064	1601523	159	6255.95	0.62	
1991	343	01-03-0064	1604759	177	6268.59	0.69	
1992	344	01-03-0064	1911306	108	7466.04	0.42	
1993	344	01-03-0064	1912223	131	7469.62	0.51	
1994	344	01-03-0064	1913298	305	7473.82	1.19	
1995	344	01-03-0064	1916790	269	7487.46	1.05	
1996	344	01-03-0064	1918413	108	7493.8	0.42	
1997	344	01-03-0064	1919250	259	7497.07	1.01	
1998	344	01-03-0064	1921452	223	7505.67	0.87	
1999	344	01-03-0064	1927654	164	7529.9	0.64	
2000	344	01-03-0064	1928402	84	7532.82	0.33	
2001	344	01-03-0064	1930816	151	7542.25	0.59	
2002	344	01-03-0064	1933184	169	7551.5	0.66	
2003	344	01-03-0064	1938532	154	7572.39	0.6	
2004	345	01-03-0064	7143150	177	27902.93	0.69	
